"refID","ordem","txt.name","SiteCode","status","status_diagnostico","confiabilidade","method","state","arrangement","samples","effort_ha","dbh_cutoff","UC_area_ha","Unidade_de_conservacao","frag_area","forest_size","domain","forest_type","forest_subtype","forest_succession","forest_age","year_data","year","Ntotal","S_obs","tif.name","k","kernel_type","kernel_code","DA","dist_0","d","p","U"
"100","118","/home/danilo/Documentos/Doutorado/artigo_mestrado/1A.P_MOVER/simulacao/ref100_NA_118.txt","MGuberl7","yes","ok NAB digitado! Checado","precisa","parcelas","MG","contiguous",25,1,"PBH>=15.0cm",NA,"private",14.9,22,"Atlantic_Forest","FES",NA,"secondary",NA,NA,2010,945,73,"/home/danilo/Documentos/Doutorado/artigo_mestrado/paisagens_atualizadas/ref100_NA_118.tif",0.0999999999999999,"laplace","2",945,3.25300024316178,10.757938985933,0.858932677683572,0.0082954
"100","118","/home/danilo/Documentos/Doutorado/artigo_mestrado/1A.P_MOVER/simulacao/ref100_NA_118.txt","MGuberl7","yes","ok NAB digitado! Checado","precisa","parcelas","MG","contiguous",25,1,"PBH>=15.0cm",NA,"private",14.9,22,"Atlantic_Forest","FES",NA,"secondary",NA,NA,2010,945,73,"/home/danilo/Documentos/Doutorado/artigo_mestrado/paisagens_atualizadas/ref100_NA_118.tif",0.0999999999999999,"laplace","2",945,3.25300024316178,10.757938985933,0.858932677683572,0.0082954
"100","118","/home/danilo/Documentos/Doutorado/artigo_mestrado/1A.P_MOVER/simulacao/ref100_NA_118.txt","MGuberl7","yes","ok NAB digitado! Checado","precisa","parcelas","MG","contiguous",25,1,"PBH>=15.0cm",NA,"private",14.9,22,"Atlantic_Forest","FES",NA,"secondary",NA,NA,2010,945,73,"/home/danilo/Documentos/Doutorado/artigo_mestrado/paisagens_atualizadas/ref100_NA_118.tif",0.0999999999999999,"laplace","2",945,3.25300024316178,10.757938985933,0.858932677683572,0.00786643
"100","118","/home/danilo/Documentos/Doutorado/artigo_mestrado/1A.P_MOVER/simulacao/ref100_NA_118.txt","MGuberl7","yes","ok NAB digitado! Checado","precisa","parcelas","MG","contiguous",25,1,"PBH>=15.0cm",NA,"private",14.9,22,"Atlantic_Forest","FES",NA,"secondary",NA,NA,2010,945,73,"/home/danilo/Documentos/Doutorado/artigo_mestrado/paisagens_atualizadas/ref100_NA_118.tif",0.0999999999999999,"laplace","2",945,3.25300024316178,10.757938985933,0.858932677683572,0.00852953
"100","118","/home/danilo/Documentos/Doutorado/artigo_mestrado/1A.P_MOVER/simulacao/ref100_NA_118.txt","MGuberl7","yes","ok NAB digitado! Checado","precisa","parcelas","MG","contiguous",25,1,"PBH>=15.0cm",NA,"private",14.9,22,"Atlantic_Forest","FES",NA,"secondary",NA,NA,2010,945,73,"/home/danilo/Documentos/Doutorado/artigo_mestrado/paisagens_atualizadas/ref100_NA_118.tif",0.0999999999999999,"laplace","2",945,3.25300024316178,10.757938985933,0.858932677683572,0.00758353
"100","118","/home/danilo/Documentos/Doutorado/artigo_mestrado/1A.P_MOVER/simulacao/ref100_NA_118.txt","MGuberl7","yes","ok NAB digitado! Checado","precisa","parcelas","MG","contiguous",25,1,"PBH>=15.0cm",NA,"private",14.9,22,"Atlantic_Forest","FES",NA,"secondary",NA,NA,2010,945,73,"/home/danilo/Documentos/Doutorado/artigo_mestrado/paisagens_atualizadas/ref100_NA_118.tif",0.0999999999999999,"laplace","2",945,3.25300024316178,10.757938985933,0.858932677683572,0.00852953
"100","118","/home/danilo/Documentos/Doutorado/artigo_mestrado/1A.P_MOVER/simulacao/ref100_NA_118.txt","MGuberl7","yes","ok NAB digitado! Checado","precisa","parcelas","MG","contiguous",25,1,"PBH>=15.0cm",NA,"private",14.9,22,"Atlantic_Forest","FES",NA,"secondary",NA,NA,2010,945,73,"/home/danilo/Documentos/Doutorado/artigo_mestrado/paisagens_atualizadas/ref100_NA_118.tif",0.0999999999999999,"laplace","2",945,3.25300024316178,10.757938985933,0.858932677683572,0.00760904
"100","118","/home/danilo/Documentos/Doutorado/artigo_mestrado/1A.P_MOVER/simulacao/ref100_NA_118.txt","MGuberl7","yes","ok NAB digitado! Checado","precisa","parcelas","MG","contiguous",25,1,"PBH>=15.0cm",NA,"private",14.9,22,"Atlantic_Forest","FES",NA,"secondary",NA,NA,2010,945,73,"/home/danilo/Documentos/Doutorado/artigo_mestrado/paisagens_atualizadas/ref100_NA_118.tif",0.0999999999999999,"laplace","2",945,3.25300024316178,10.757938985933,0.858932677683572,0.00786206
"100","118","/home/danilo/Documentos/Doutorado/artigo_mestrado/1A.P_MOVER/simulacao/ref100_NA_118.txt","MGuberl7","yes","ok NAB digitado! Checado","precisa","parcelas","MG","contiguous",25,1,"PBH>=15.0cm",NA,"private",14.9,22,"Atlantic_Forest","FES",NA,"secondary",NA,NA,2010,945,73,"/home/danilo/Documentos/Doutorado/artigo_mestrado/paisagens_atualizadas/ref100_NA_118.tif",0.0999999999999999,"laplace","2",945,3.25300024316178,10.757938985933,0.858932677683572,0.00760904
"100","118","/home/danilo/Documentos/Doutorado/artigo_mestrado/1A.P_MOVER/simulacao/ref100_NA_118.txt","MGuberl7","yes","ok NAB digitado! Checado","precisa","parcelas","MG","contiguous",25,1,"PBH>=15.0cm",NA,"private",14.9,22,"Atlantic_Forest","FES",NA,"secondary",NA,NA,2010,945,73,"/home/danilo/Documentos/Doutorado/artigo_mestrado/paisagens_atualizadas/ref100_NA_118.tif",0.0999999999999999,"laplace","2",945,3.25300024316178,10.757938985933,0.858932677683572,0.00752084
"1048","1583","/home/danilo/Documentos/Doutorado/artigo_mestrado/1A.P_MOVER/simulacao/ref1048_NA_1583.txt","SPjabo1","yes","ok NAB digitado! Checado","precisa","parcelas","SP","contiguous",128,1.28,"PBH>=15.0cm",829,"universities and research centers",6,6,"Atlantic_Forest","FES",NA,"primary/secondary",NA,"1986",1989,1694,76,"/home/danilo/Documentos/Doutorado/artigo_mestrado/paisagens_atualizadas/ref1048_NA_1583.tif",0.0999999999999999,"laplace","2",1323.4375,2.7488325309762,9.05791008378072,0.0125297615930569,0.0108235
"1048","1583","/home/danilo/Documentos/Doutorado/artigo_mestrado/1A.P_MOVER/simulacao/ref1048_NA_1583.txt","SPjabo1","yes","ok NAB digitado! Checado","precisa","parcelas","SP","contiguous",128,1.28,"PBH>=15.0cm",829,"universities and research centers",6,6,"Atlantic_Forest","FES",NA,"primary/secondary",NA,"1986",1989,1694,76,"/home/danilo/Documentos/Doutorado/artigo_mestrado/paisagens_atualizadas/ref1048_NA_1583.tif",0.0999999999999999,"laplace","2",1323.4375,2.7488325309762,9.05791008378072,0.0125297615930569,0.0108235
"1048","1583","/home/danilo/Documentos/Doutorado/artigo_mestrado/1A.P_MOVER/simulacao/ref1048_NA_1583.txt","SPjabo1","yes","ok NAB digitado! Checado","precisa","parcelas","SP","contiguous",128,1.28,"PBH>=15.0cm",829,"universities and research centers",6,6,"Atlantic_Forest","FES",NA,"primary/secondary",NA,"1986",1989,1694,76,"/home/danilo/Documentos/Doutorado/artigo_mestrado/paisagens_atualizadas/ref1048_NA_1583.tif",0.0999999999999999,"laplace","2",1323.4375,2.7488325309762,9.05791008378072,0.0125297615930569,0.0116836
"1048","1583","/home/danilo/Documentos/Doutorado/artigo_mestrado/1A.P_MOVER/simulacao/ref1048_NA_1583.txt","SPjabo1","yes","ok NAB digitado! Checado","precisa","parcelas","SP","contiguous",128,1.28,"PBH>=15.0cm",829,"universities and research centers",6,6,"Atlantic_Forest","FES",NA,"primary/secondary",NA,"1986",1989,1694,76,"/home/danilo/Documentos/Doutorado/artigo_mestrado/paisagens_atualizadas/ref1048_NA_1583.tif",0.0999999999999999,"laplace","2",1323.4375,2.7488325309762,9.05791008378072,0.0125297615930569,0.0111981
"1048","1583","/home/danilo/Documentos/Doutorado/artigo_mestrado/1A.P_MOVER/simulacao/ref1048_NA_1583.txt","SPjabo1","yes","ok NAB digitado! Checado","precisa","parcelas","SP","contiguous",128,1.28,"PBH>=15.0cm",829,"universities and research centers",6,6,"Atlantic_Forest","FES",NA,"primary/secondary",NA,"1986",1989,1694,76,"/home/danilo/Documentos/Doutorado/artigo_mestrado/paisagens_atualizadas/ref1048_NA_1583.tif",0.0999999999999999,"laplace","2",1323.4375,2.7488325309762,9.05791008378072,0.0125297615930569,0.0109789
"1048","1583","/home/danilo/Documentos/Doutorado/artigo_mestrado/1A.P_MOVER/simulacao/ref1048_NA_1583.txt","SPjabo1","yes","ok NAB digitado! Checado","precisa","parcelas","SP","contiguous",128,1.28,"PBH>=15.0cm",829,"universities and research centers",6,6,"Atlantic_Forest","FES",NA,"primary/secondary",NA,"1986",1989,1694,76,"/home/danilo/Documentos/Doutorado/artigo_mestrado/paisagens_atualizadas/ref1048_NA_1583.tif",0.0999999999999999,"laplace","2",1323.4375,2.7488325309762,9.05791008378072,0.0125297615930569,0.0113705
"1048","1583","/home/danilo/Documentos/Doutorado/artigo_mestrado/1A.P_MOVER/simulacao/ref1048_NA_1583.txt","SPjabo1","yes","ok NAB digitado! Checado","precisa","parcelas","SP","contiguous",128,1.28,"PBH>=15.0cm",829,"universities and research centers",6,6,"Atlantic_Forest","FES",NA,"primary/secondary",NA,"1986",1989,1694,76,"/home/danilo/Documentos/Doutorado/artigo_mestrado/paisagens_atualizadas/ref1048_NA_1583.tif",0.0999999999999999,"laplace","2",1323.4375,2.7488325309762,9.05791008378072,0.0125297615930569,0.0114816
"1048","1583","/home/danilo/Documentos/Doutorado/artigo_mestrado/1A.P_MOVER/simulacao/ref1048_NA_1583.txt","SPjabo1","yes","ok NAB digitado! Checado","precisa","parcelas","SP","contiguous",128,1.28,"PBH>=15.0cm",829,"universities and research centers",6,6,"Atlantic_Forest","FES",NA,"primary/secondary",NA,"1986",1989,1694,76,"/home/danilo/Documentos/Doutorado/artigo_mestrado/paisagens_atualizadas/ref1048_NA_1583.tif",0.0999999999999999,"laplace","2",1323.4375,2.7488325309762,9.05791008378072,0.0125297615930569,0.0116339
"1048","1583","/home/danilo/Documentos/Doutorado/artigo_mestrado/1A.P_MOVER/simulacao/ref1048_NA_1583.txt","SPjabo1","yes","ok NAB digitado! Checado","precisa","parcelas","SP","contiguous",128,1.28,"PBH>=15.0cm",829,"universities and research centers",6,6,"Atlantic_Forest","FES",NA,"primary/secondary",NA,"1986",1989,1694,76,"/home/danilo/Documentos/Doutorado/artigo_mestrado/paisagens_atualizadas/ref1048_NA_1583.tif",0.0999999999999999,"laplace","2",1323.4375,2.7488325309762,9.05791008378072,0.0125297615930569,0.0111962
"1048","1583","/home/danilo/Documentos/Doutorado/artigo_mestrado/1A.P_MOVER/simulacao/ref1048_NA_1583.txt","SPjabo1","yes","ok NAB digitado! Checado","precisa","parcelas","SP","contiguous",128,1.28,"PBH>=15.0cm",829,"universities and research centers",6,6,"Atlantic_Forest","FES",NA,"primary/secondary",NA,"1986",1989,1694,76,"/home/danilo/Documentos/Doutorado/artigo_mestrado/paisagens_atualizadas/ref1048_NA_1583.tif",0.0999999999999999,"laplace","2",1323.4375,2.7488325309762,9.05791008378072,0.0125297615930569,0.0113522
"1059","1682","/home/danilo/Documentos/Doutorado/artigo_mestrado/1A.P_MOVER/simulacao/ref1059_NA_1682.txt","SPpesm6","yes","ok NAB digitado! Checado","boa","parcelas","SP","contiguous",100,1,"PBH>=15.0cm",315390,"UC Protecao Integral",65,8000,"Atlantic_Forest","Formacao pioneira sob influencia marinha","FAR seca","primary",NA,NA,2001,1892,88,"/home/danilo/Documentos/Doutorado/artigo_mestrado/paisagens_atualizadas/ref1059_NA_1682.tif",0.0999999999999999,"laplace","2",1892,2.29900244935851,7.6457529384459,0.510880983030012,0.00868757
"1059","1682","/home/danilo/Documentos/Doutorado/artigo_mestrado/1A.P_MOVER/simulacao/ref1059_NA_1682.txt","SPpesm6","yes","ok NAB digitado! Checado","boa","parcelas","SP","contiguous",100,1,"PBH>=15.0cm",315390,"UC Protecao Integral",65,8000,"Atlantic_Forest","Formacao pioneira sob influencia marinha","FAR seca","primary",NA,NA,2001,1892,88,"/home/danilo/Documentos/Doutorado/artigo_mestrado/paisagens_atualizadas/ref1059_NA_1682.tif",0.0999999999999999,"laplace","2",1892,2.29900244935851,7.6457529384459,0.510880983030012,0.00879763
"1059","1682","/home/danilo/Documentos/Doutorado/artigo_mestrado/1A.P_MOVER/simulacao/ref1059_NA_1682.txt","SPpesm6","yes","ok NAB digitado! Checado","boa","parcelas","SP","contiguous",100,1,"PBH>=15.0cm",315390,"UC Protecao Integral",65,8000,"Atlantic_Forest","Formacao pioneira sob influencia marinha","FAR seca","primary",NA,NA,2001,1892,88,"/home/danilo/Documentos/Doutorado/artigo_mestrado/paisagens_atualizadas/ref1059_NA_1682.tif",0.0999999999999999,"laplace","2",1892,2.29900244935851,7.6457529384459,0.510880983030012,0.00837751
"1059","1682","/home/danilo/Documentos/Doutorado/artigo_mestrado/1A.P_MOVER/simulacao/ref1059_NA_1682.txt","SPpesm6","yes","ok NAB digitado! Checado","boa","parcelas","SP","contiguous",100,1,"PBH>=15.0cm",315390,"UC Protecao Integral",65,8000,"Atlantic_Forest","Formacao pioneira sob influencia marinha","FAR seca","primary",NA,NA,2001,1892,88,"/home/danilo/Documentos/Doutorado/artigo_mestrado/paisagens_atualizadas/ref1059_NA_1682.tif",0.0999999999999999,"laplace","2",1892,2.29900244935851,7.6457529384459,0.510880983030012,0.00865221
"1059","1682","/home/danilo/Documentos/Doutorado/artigo_mestrado/1A.P_MOVER/simulacao/ref1059_NA_1682.txt","SPpesm6","yes","ok NAB digitado! Checado","boa","parcelas","SP","contiguous",100,1,"PBH>=15.0cm",315390,"UC Protecao Integral",65,8000,"Atlantic_Forest","Formacao pioneira sob influencia marinha","FAR seca","primary",NA,NA,2001,1892,88,"/home/danilo/Documentos/Doutorado/artigo_mestrado/paisagens_atualizadas/ref1059_NA_1682.tif",0.0999999999999999,"laplace","2",1892,2.29900244935851,7.6457529384459,0.510880983030012,0.00854614
"1059","1682","/home/danilo/Documentos/Doutorado/artigo_mestrado/1A.P_MOVER/simulacao/ref1059_NA_1682.txt","SPpesm6","yes","ok NAB digitado! Checado","boa","parcelas","SP","contiguous",100,1,"PBH>=15.0cm",315390,"UC Protecao Integral",65,8000,"Atlantic_Forest","Formacao pioneira sob influencia marinha","FAR seca","primary",NA,NA,2001,1892,88,"/home/danilo/Documentos/Doutorado/artigo_mestrado/paisagens_atualizadas/ref1059_NA_1682.tif",0.0999999999999999,"laplace","2",1892,2.29900244935851,7.6457529384459,0.510880983030012,0.00858142
"1059","1682","/home/danilo/Documentos/Doutorado/artigo_mestrado/1A.P_MOVER/simulacao/ref1059_NA_1682.txt","SPpesm6","yes","ok NAB digitado! Checado","boa","parcelas","SP","contiguous",100,1,"PBH>=15.0cm",315390,"UC Protecao Integral",65,8000,"Atlantic_Forest","Formacao pioneira sob influencia marinha","FAR seca","primary",NA,NA,2001,1892,88,"/home/danilo/Documentos/Doutorado/artigo_mestrado/paisagens_atualizadas/ref1059_NA_1682.tif",0.0999999999999999,"laplace","2",1892,2.29900244935851,7.6457529384459,0.510880983030012,0.00860628
"1059","1682","/home/danilo/Documentos/Doutorado/artigo_mestrado/1A.P_MOVER/simulacao/ref1059_NA_1682.txt","SPpesm6","yes","ok NAB digitado! Checado","boa","parcelas","SP","contiguous",100,1,"PBH>=15.0cm",315390,"UC Protecao Integral",65,8000,"Atlantic_Forest","Formacao pioneira sob influencia marinha","FAR seca","primary",NA,NA,2001,1892,88,"/home/danilo/Documentos/Doutorado/artigo_mestrado/paisagens_atualizadas/ref1059_NA_1682.tif",0.0999999999999999,"laplace","2",1892,2.29900244935851,7.6457529384459,0.510880983030012,0.00891497
"1059","1682","/home/danilo/Documentos/Doutorado/artigo_mestrado/1A.P_MOVER/simulacao/ref1059_NA_1682.txt","SPpesm6","yes","ok NAB digitado! Checado","boa","parcelas","SP","contiguous",100,1,"PBH>=15.0cm",315390,"UC Protecao Integral",65,8000,"Atlantic_Forest","Formacao pioneira sob influencia marinha","FAR seca","primary",NA,NA,2001,1892,88,"/home/danilo/Documentos/Doutorado/artigo_mestrado/paisagens_atualizadas/ref1059_NA_1682.tif",0.0999999999999999,"laplace","2",1892,2.29900244935851,7.6457529384459,0.510880983030012,0.0086982
"1059","1682","/home/danilo/Documentos/Doutorado/artigo_mestrado/1A.P_MOVER/simulacao/ref1059_NA_1682.txt","SPpesm6","yes","ok NAB digitado! Checado","boa","parcelas","SP","contiguous",100,1,"PBH>=15.0cm",315390,"UC Protecao Integral",65,8000,"Atlantic_Forest","Formacao pioneira sob influencia marinha","FAR seca","primary",NA,NA,2001,1892,88,"/home/danilo/Documentos/Doutorado/artigo_mestrado/paisagens_atualizadas/ref1059_NA_1682.tif",0.0999999999999999,"laplace","2",1892,2.29900244935851,7.6457529384459,0.510880983030012,0.00870565
"1107","1683","/home/danilo/Documentos/Doutorado/artigo_mestrado/1A.P_MOVER/simulacao/ref1107_NA_1683.txt","SPigua1","yes","ok NAB digitado! Checado","precisa","parcelas","SP","contiguous/systematic",50,1,"DBH>=5.0cm",79240,"UC Protecao Integral",79270,79270,"Atlantic_Forest","FOD","FODTB/FAR","primary/secondary",NA,"2000",2000,1826,173,"/home/danilo/Documentos/Doutorado/artigo_mestrado/paisagens_atualizadas/ref1107_NA_1683.tif",0.0999999999999999,"laplace","2",1826,2.34018188600455,7.79508998649418,0.559241720148307,0.0068014
"1107","1683","/home/danilo/Documentos/Doutorado/artigo_mestrado/1A.P_MOVER/simulacao/ref1107_NA_1683.txt","SPigua1","yes","ok NAB digitado! Checado","precisa","parcelas","SP","contiguous/systematic",50,1,"DBH>=5.0cm",79240,"UC Protecao Integral",79270,79270,"Atlantic_Forest","FOD","FODTB/FAR","primary/secondary",NA,"2000",2000,1826,173,"/home/danilo/Documentos/Doutorado/artigo_mestrado/paisagens_atualizadas/ref1107_NA_1683.tif",0.0999999999999999,"laplace","2",1826,2.34018188600455,7.79508998649418,0.559241720148307,0.00637063
"1107","1683","/home/danilo/Documentos/Doutorado/artigo_mestrado/1A.P_MOVER/simulacao/ref1107_NA_1683.txt","SPigua1","yes","ok NAB digitado! Checado","precisa","parcelas","SP","contiguous/systematic",50,1,"DBH>=5.0cm",79240,"UC Protecao Integral",79270,79270,"Atlantic_Forest","FOD","FODTB/FAR","primary/secondary",NA,"2000",2000,1826,173,"/home/danilo/Documentos/Doutorado/artigo_mestrado/paisagens_atualizadas/ref1107_NA_1683.tif",0.0999999999999999,"laplace","2",1826,2.34018188600455,7.79508998649418,0.559241720148307,0.00634512
"1107","1683","/home/danilo/Documentos/Doutorado/artigo_mestrado/1A.P_MOVER/simulacao/ref1107_NA_1683.txt","SPigua1","yes","ok NAB digitado! Checado","precisa","parcelas","SP","contiguous/systematic",50,1,"DBH>=5.0cm",79240,"UC Protecao Integral",79270,79270,"Atlantic_Forest","FOD","FODTB/FAR","primary/secondary",NA,"2000",2000,1826,173,"/home/danilo/Documentos/Doutorado/artigo_mestrado/paisagens_atualizadas/ref1107_NA_1683.tif",0.0999999999999999,"laplace","2",1826,2.34018188600455,7.79508998649418,0.559241720148307,0.00657914
"1107","1683","/home/danilo/Documentos/Doutorado/artigo_mestrado/1A.P_MOVER/simulacao/ref1107_NA_1683.txt","SPigua1","yes","ok NAB digitado! Checado","precisa","parcelas","SP","contiguous/systematic",50,1,"DBH>=5.0cm",79240,"UC Protecao Integral",79270,79270,"Atlantic_Forest","FOD","FODTB/FAR","primary/secondary",NA,"2000",2000,1826,173,"/home/danilo/Documentos/Doutorado/artigo_mestrado/paisagens_atualizadas/ref1107_NA_1683.tif",0.0999999999999999,"laplace","2",1826,2.34018188600455,7.79508998649418,0.559241720148307,0.00717692
"1107","1683","/home/danilo/Documentos/Doutorado/artigo_mestrado/1A.P_MOVER/simulacao/ref1107_NA_1683.txt","SPigua1","yes","ok NAB digitado! Checado","precisa","parcelas","SP","contiguous/systematic",50,1,"DBH>=5.0cm",79240,"UC Protecao Integral",79270,79270,"Atlantic_Forest","FOD","FODTB/FAR","primary/secondary",NA,"2000",2000,1826,173,"/home/danilo/Documentos/Doutorado/artigo_mestrado/paisagens_atualizadas/ref1107_NA_1683.tif",0.0999999999999999,"laplace","2",1826,2.34018188600455,7.79508998649418,0.559241720148307,0.00608429
"1107","1683","/home/danilo/Documentos/Doutorado/artigo_mestrado/1A.P_MOVER/simulacao/ref1107_NA_1683.txt","SPigua1","yes","ok NAB digitado! Checado","precisa","parcelas","SP","contiguous/systematic",50,1,"DBH>=5.0cm",79240,"UC Protecao Integral",79270,79270,"Atlantic_Forest","FOD","FODTB/FAR","primary/secondary",NA,"2000",2000,1826,173,"/home/danilo/Documentos/Doutorado/artigo_mestrado/paisagens_atualizadas/ref1107_NA_1683.tif",0.0999999999999999,"laplace","2",1826,2.34018188600455,7.79508998649418,0.559241720148307,0.006563
"1107","1683","/home/danilo/Documentos/Doutorado/artigo_mestrado/1A.P_MOVER/simulacao/ref1107_NA_1683.txt","SPigua1","yes","ok NAB digitado! Checado","precisa","parcelas","SP","contiguous/systematic",50,1,"DBH>=5.0cm",79240,"UC Protecao Integral",79270,79270,"Atlantic_Forest","FOD","FODTB/FAR","primary/secondary",NA,"2000",2000,1826,173,"/home/danilo/Documentos/Doutorado/artigo_mestrado/paisagens_atualizadas/ref1107_NA_1683.tif",0.0999999999999999,"laplace","2",1826,2.34018188600455,7.79508998649418,0.559241720148307,0.00609068
"1107","1683","/home/danilo/Documentos/Doutorado/artigo_mestrado/1A.P_MOVER/simulacao/ref1107_NA_1683.txt","SPigua1","yes","ok NAB digitado! Checado","precisa","parcelas","SP","contiguous/systematic",50,1,"DBH>=5.0cm",79240,"UC Protecao Integral",79270,79270,"Atlantic_Forest","FOD","FODTB/FAR","primary/secondary",NA,"2000",2000,1826,173,"/home/danilo/Documentos/Doutorado/artigo_mestrado/paisagens_atualizadas/ref1107_NA_1683.tif",0.0999999999999999,"laplace","2",1826,2.34018188600455,7.79508998649418,0.559241720148307,0.00628266
"1107","1683","/home/danilo/Documentos/Doutorado/artigo_mestrado/1A.P_MOVER/simulacao/ref1107_NA_1683.txt","SPigua1","yes","ok NAB digitado! Checado","precisa","parcelas","SP","contiguous/systematic",50,1,"DBH>=5.0cm",79240,"UC Protecao Integral",79270,79270,"Atlantic_Forest","FOD","FODTB/FAR","primary/secondary",NA,"2000",2000,1826,173,"/home/danilo/Documentos/Doutorado/artigo_mestrado/paisagens_atualizadas/ref1107_NA_1683.tif",0.0999999999999999,"laplace","2",1826,2.34018188600455,7.79508998649418,0.559241720148307,0.00654157
"110","135","/home/danilo/Documentos/Doutorado/artigo_mestrado/1A.P_MOVER/simulacao/ref110_NA_135.txt","MGvico4","yes","ok NAB digitado! Checado","exata","parcelas","MG","contiguous",100,1,"PBH>=15.0cm",1611.3,"universities and research centers",102.43,75,"Atlantic_Forest","FES",NA,"secondary",NA,NA,2007,1371,131,"/home/danilo/Documentos/Doutorado/artigo_mestrado/paisagens_atualizadas/ref110_NA_135.tif",0.0999999999999999,"laplace","2",1371,2.70073064647318,8.94303092897381,0.22687901124729,0.0112261
"110","135","/home/danilo/Documentos/Doutorado/artigo_mestrado/1A.P_MOVER/simulacao/ref110_NA_135.txt","MGvico4","yes","ok NAB digitado! Checado","exata","parcelas","MG","contiguous",100,1,"PBH>=15.0cm",1611.3,"universities and research centers",102.43,75,"Atlantic_Forest","FES",NA,"secondary",NA,NA,2007,1371,131,"/home/danilo/Documentos/Doutorado/artigo_mestrado/paisagens_atualizadas/ref110_NA_135.tif",0.0999999999999999,"laplace","2",1371,2.70073064647318,8.94303092897381,0.22687901124729,0.011315
"110","135","/home/danilo/Documentos/Doutorado/artigo_mestrado/1A.P_MOVER/simulacao/ref110_NA_135.txt","MGvico4","yes","ok NAB digitado! Checado","exata","parcelas","MG","contiguous",100,1,"PBH>=15.0cm",1611.3,"universities and research centers",102.43,75,"Atlantic_Forest","FES",NA,"secondary",NA,NA,2007,1371,131,"/home/danilo/Documentos/Doutorado/artigo_mestrado/paisagens_atualizadas/ref110_NA_135.tif",0.0999999999999999,"laplace","2",1371,2.70073064647318,8.94303092897381,0.22687901124729,0.0115012
"110","135","/home/danilo/Documentos/Doutorado/artigo_mestrado/1A.P_MOVER/simulacao/ref110_NA_135.txt","MGvico4","yes","ok NAB digitado! Checado","exata","parcelas","MG","contiguous",100,1,"PBH>=15.0cm",1611.3,"universities and research centers",102.43,75,"Atlantic_Forest","FES",NA,"secondary",NA,NA,2007,1371,131,"/home/danilo/Documentos/Doutorado/artigo_mestrado/paisagens_atualizadas/ref110_NA_135.tif",0.0999999999999999,"laplace","2",1371,2.70073064647318,8.94303092897381,0.22687901124729,0.010515
"110","135","/home/danilo/Documentos/Doutorado/artigo_mestrado/1A.P_MOVER/simulacao/ref110_NA_135.txt","MGvico4","yes","ok NAB digitado! Checado","exata","parcelas","MG","contiguous",100,1,"PBH>=15.0cm",1611.3,"universities and research centers",102.43,75,"Atlantic_Forest","FES",NA,"secondary",NA,NA,2007,1371,131,"/home/danilo/Documentos/Doutorado/artigo_mestrado/paisagens_atualizadas/ref110_NA_135.tif",0.0999999999999999,"laplace","2",1371,2.70073064647318,8.94303092897381,0.22687901124729,0.0115012
"110","135","/home/danilo/Documentos/Doutorado/artigo_mestrado/1A.P_MOVER/simulacao/ref110_NA_135.txt","MGvico4","yes","ok NAB digitado! Checado","exata","parcelas","MG","contiguous",100,1,"PBH>=15.0cm",1611.3,"universities and research centers",102.43,75,"Atlantic_Forest","FES",NA,"secondary",NA,NA,2007,1371,131,"/home/danilo/Documentos/Doutorado/artigo_mestrado/paisagens_atualizadas/ref110_NA_135.tif",0.0999999999999999,"laplace","2",1371,2.70073064647318,8.94303092897381,0.22687901124729,0.0110013
"110","135","/home/danilo/Documentos/Doutorado/artigo_mestrado/1A.P_MOVER/simulacao/ref110_NA_135.txt","MGvico4","yes","ok NAB digitado! Checado","exata","parcelas","MG","contiguous",100,1,"PBH>=15.0cm",1611.3,"universities and research centers",102.43,75,"Atlantic_Forest","FES",NA,"secondary",NA,NA,2007,1371,131,"/home/danilo/Documentos/Doutorado/artigo_mestrado/paisagens_atualizadas/ref110_NA_135.tif",0.0999999999999999,"laplace","2",1371,2.70073064647318,8.94303092897381,0.22687901124729,0.0111399
"110","135","/home/danilo/Documentos/Doutorado/artigo_mestrado/1A.P_MOVER/simulacao/ref110_NA_135.txt","MGvico4","yes","ok NAB digitado! Checado","exata","parcelas","MG","contiguous",100,1,"PBH>=15.0cm",1611.3,"universities and research centers",102.43,75,"Atlantic_Forest","FES",NA,"secondary",NA,NA,2007,1371,131,"/home/danilo/Documentos/Doutorado/artigo_mestrado/paisagens_atualizadas/ref110_NA_135.tif",0.0999999999999999,"laplace","2",1371,2.70073064647318,8.94303092897381,0.22687901124729,0.0113335
"110","135","/home/danilo/Documentos/Doutorado/artigo_mestrado/1A.P_MOVER/simulacao/ref110_NA_135.txt","MGvico4","yes","ok NAB digitado! Checado","exata","parcelas","MG","contiguous",100,1,"PBH>=15.0cm",1611.3,"universities and research centers",102.43,75,"Atlantic_Forest","FES",NA,"secondary",NA,NA,2007,1371,131,"/home/danilo/Documentos/Doutorado/artigo_mestrado/paisagens_atualizadas/ref110_NA_135.tif",0.0999999999999999,"laplace","2",1371,2.70073064647318,8.94303092897381,0.22687901124729,0.0116761
"110","135","/home/danilo/Documentos/Doutorado/artigo_mestrado/1A.P_MOVER/simulacao/ref110_NA_135.txt","MGvico4","yes","ok NAB digitado! Checado","exata","parcelas","MG","contiguous",100,1,"PBH>=15.0cm",1611.3,"universities and research centers",102.43,75,"Atlantic_Forest","FES",NA,"secondary",NA,NA,2007,1371,131,"/home/danilo/Documentos/Doutorado/artigo_mestrado/paisagens_atualizadas/ref110_NA_135.tif",0.0999999999999999,"laplace","2",1371,2.70073064647318,8.94303092897381,0.22687901124729,0.0110469
"1115","1693","/home/danilo/Documentos/Doutorado/artigo_mestrado/1A.P_MOVER/simulacao/ref1115_NA_1693.txt","SPpesmC","yes","ok NAB digitado! Checado","exata","parcelas","SP","contiguous",100,1,"PBH>=15.0cm",315390,"UC Protecao Integral",83400,47500,"Atlantic_Forest","FOD","FODSm","primary",NA,NA,2011,1119,131,"/home/danilo/Documentos/Doutorado/artigo_mestrado/paisagens_atualizadas/ref1115_NA_1693.tif",0.0999999999999999,"laplace","2",1119,2.98940637777976,9.99523755785723,0.611669662283606,0.0068008
"1115","1693","/home/danilo/Documentos/Doutorado/artigo_mestrado/1A.P_MOVER/simulacao/ref1115_NA_1693.txt","SPpesmC","yes","ok NAB digitado! Checado","exata","parcelas","SP","contiguous",100,1,"PBH>=15.0cm",315390,"UC Protecao Integral",83400,47500,"Atlantic_Forest","FOD","FODSm","primary",NA,NA,2011,1119,131,"/home/danilo/Documentos/Doutorado/artigo_mestrado/paisagens_atualizadas/ref1115_NA_1693.tif",0.0999999999999999,"laplace","2",1119,2.98940637777976,9.99523755785723,0.611669662283606,0.00588155
"1115","1693","/home/danilo/Documentos/Doutorado/artigo_mestrado/1A.P_MOVER/simulacao/ref1115_NA_1693.txt","SPpesmC","yes","ok NAB digitado! Checado","exata","parcelas","SP","contiguous",100,1,"PBH>=15.0cm",315390,"UC Protecao Integral",83400,47500,"Atlantic_Forest","FOD","FODSm","primary",NA,NA,2011,1119,131,"/home/danilo/Documentos/Doutorado/artigo_mestrado/paisagens_atualizadas/ref1115_NA_1693.tif",0.0999999999999999,"laplace","2",1119,2.98940637777976,9.99523755785723,0.611669662283606,0.00611076
"1115","1693","/home/danilo/Documentos/Doutorado/artigo_mestrado/1A.P_MOVER/simulacao/ref1115_NA_1693.txt","SPpesmC","yes","ok NAB digitado! Checado","exata","parcelas","SP","contiguous",100,1,"PBH>=15.0cm",315390,"UC Protecao Integral",83400,47500,"Atlantic_Forest","FOD","FODSm","primary",NA,NA,2011,1119,131,"/home/danilo/Documentos/Doutorado/artigo_mestrado/paisagens_atualizadas/ref1115_NA_1693.tif",0.0999999999999999,"laplace","2",1119,2.98940637777976,9.99523755785723,0.611669662283606,0.00679402
"1115","1693","/home/danilo/Documentos/Doutorado/artigo_mestrado/1A.P_MOVER/simulacao/ref1115_NA_1693.txt","SPpesmC","yes","ok NAB digitado! Checado","exata","parcelas","SP","contiguous",100,1,"PBH>=15.0cm",315390,"UC Protecao Integral",83400,47500,"Atlantic_Forest","FOD","FODSm","primary",NA,NA,2011,1119,131,"/home/danilo/Documentos/Doutorado/artigo_mestrado/paisagens_atualizadas/ref1115_NA_1693.tif",0.0999999999999999,"laplace","2",1119,2.98940637777976,9.99523755785723,0.611669662283606,0.00635407
"1115","1693","/home/danilo/Documentos/Doutorado/artigo_mestrado/1A.P_MOVER/simulacao/ref1115_NA_1693.txt","SPpesmC","yes","ok NAB digitado! Checado","exata","parcelas","SP","contiguous",100,1,"PBH>=15.0cm",315390,"UC Protecao Integral",83400,47500,"Atlantic_Forest","FOD","FODSm","primary",NA,NA,2011,1119,131,"/home/danilo/Documentos/Doutorado/artigo_mestrado/paisagens_atualizadas/ref1115_NA_1693.tif",0.0999999999999999,"laplace","2",1119,2.98940637777976,9.99523755785723,0.611669662283606,0.00635092
"1115","1693","/home/danilo/Documentos/Doutorado/artigo_mestrado/1A.P_MOVER/simulacao/ref1115_NA_1693.txt","SPpesmC","yes","ok NAB digitado! Checado","exata","parcelas","SP","contiguous",100,1,"PBH>=15.0cm",315390,"UC Protecao Integral",83400,47500,"Atlantic_Forest","FOD","FODSm","primary",NA,NA,2011,1119,131,"/home/danilo/Documentos/Doutorado/artigo_mestrado/paisagens_atualizadas/ref1115_NA_1693.tif",0.0999999999999999,"laplace","2",1119,2.98940637777976,9.99523755785723,0.611669662283606,0.00643799
"1115","1693","/home/danilo/Documentos/Doutorado/artigo_mestrado/1A.P_MOVER/simulacao/ref1115_NA_1693.txt","SPpesmC","yes","ok NAB digitado! Checado","exata","parcelas","SP","contiguous",100,1,"PBH>=15.0cm",315390,"UC Protecao Integral",83400,47500,"Atlantic_Forest","FOD","FODSm","primary",NA,NA,2011,1119,131,"/home/danilo/Documentos/Doutorado/artigo_mestrado/paisagens_atualizadas/ref1115_NA_1693.tif",0.0999999999999999,"laplace","2",1119,2.98940637777976,9.99523755785723,0.611669662283606,0.00570053
"1115","1693","/home/danilo/Documentos/Doutorado/artigo_mestrado/1A.P_MOVER/simulacao/ref1115_NA_1693.txt","SPpesmC","yes","ok NAB digitado! Checado","exata","parcelas","SP","contiguous",100,1,"PBH>=15.0cm",315390,"UC Protecao Integral",83400,47500,"Atlantic_Forest","FOD","FODSm","primary",NA,NA,2011,1119,131,"/home/danilo/Documentos/Doutorado/artigo_mestrado/paisagens_atualizadas/ref1115_NA_1693.tif",0.0999999999999999,"laplace","2",1119,2.98940637777976,9.99523755785723,0.611669662283606,0.00618589
"1115","1693","/home/danilo/Documentos/Doutorado/artigo_mestrado/1A.P_MOVER/simulacao/ref1115_NA_1693.txt","SPpesmC","yes","ok NAB digitado! Checado","exata","parcelas","SP","contiguous",100,1,"PBH>=15.0cm",315390,"UC Protecao Integral",83400,47500,"Atlantic_Forest","FOD","FODSm","primary",NA,NA,2011,1119,131,"/home/danilo/Documentos/Doutorado/artigo_mestrado/paisagens_atualizadas/ref1115_NA_1693.tif",0.0999999999999999,"laplace","2",1119,2.98940637777976,9.99523755785723,0.611669662283606,0.00690411
"1124","1703","/home/danilo/Documentos/Doutorado/artigo_mestrado/1A.P_MOVER/simulacao/ref1124_NA_1703.txt","SPcara1","yes","ok NAB digitado! Checado","precisa","parcelas","SP","contiguous",4,1,"PBH>=15.0cm",315390,"UC Protecao Integral",142000,NA,"Atlantic_Forest","FOD","FODSm","secondary",NA,"2012",2013,2166,181,"/home/danilo/Documentos/Doutorado/artigo_mestrado/paisagens_atualizadas/ref1124_NA_1703.tif",0.0999999999999999,"laplace","2",2166,2.1486752129677,7.14580988196238,0.716236779661582,0.0048722
"1124","1703","/home/danilo/Documentos/Doutorado/artigo_mestrado/1A.P_MOVER/simulacao/ref1124_NA_1703.txt","SPcara1","yes","ok NAB digitado! Checado","precisa","parcelas","SP","contiguous",4,1,"PBH>=15.0cm",315390,"UC Protecao Integral",142000,NA,"Atlantic_Forest","FOD","FODSm","secondary",NA,"2012",2013,2166,181,"/home/danilo/Documentos/Doutorado/artigo_mestrado/paisagens_atualizadas/ref1124_NA_1703.tif",0.0999999999999999,"laplace","2",2166,2.1486752129677,7.14580988196238,0.716236779661582,0.0047931
"1124","1703","/home/danilo/Documentos/Doutorado/artigo_mestrado/1A.P_MOVER/simulacao/ref1124_NA_1703.txt","SPcara1","yes","ok NAB digitado! Checado","precisa","parcelas","SP","contiguous",4,1,"PBH>=15.0cm",315390,"UC Protecao Integral",142000,NA,"Atlantic_Forest","FOD","FODSm","secondary",NA,"2012",2013,2166,181,"/home/danilo/Documentos/Doutorado/artigo_mestrado/paisagens_atualizadas/ref1124_NA_1703.tif",0.0999999999999999,"laplace","2",2166,2.1486752129677,7.14580988196238,0.716236779661582,0.00468561
"1124","1703","/home/danilo/Documentos/Doutorado/artigo_mestrado/1A.P_MOVER/simulacao/ref1124_NA_1703.txt","SPcara1","yes","ok NAB digitado! Checado","precisa","parcelas","SP","contiguous",4,1,"PBH>=15.0cm",315390,"UC Protecao Integral",142000,NA,"Atlantic_Forest","FOD","FODSm","secondary",NA,"2012",2013,2166,181,"/home/danilo/Documentos/Doutorado/artigo_mestrado/paisagens_atualizadas/ref1124_NA_1703.tif",0.0999999999999999,"laplace","2",2166,2.1486752129677,7.14580988196238,0.716236779661582,0.00432827
"1124","1703","/home/danilo/Documentos/Doutorado/artigo_mestrado/1A.P_MOVER/simulacao/ref1124_NA_1703.txt","SPcara1","yes","ok NAB digitado! Checado","precisa","parcelas","SP","contiguous",4,1,"PBH>=15.0cm",315390,"UC Protecao Integral",142000,NA,"Atlantic_Forest","FOD","FODSm","secondary",NA,"2012",2013,2166,181,"/home/danilo/Documentos/Doutorado/artigo_mestrado/paisagens_atualizadas/ref1124_NA_1703.tif",0.0999999999999999,"laplace","2",2166,2.1486752129677,7.14580988196238,0.716236779661582,0.00513222
"1124","1703","/home/danilo/Documentos/Doutorado/artigo_mestrado/1A.P_MOVER/simulacao/ref1124_NA_1703.txt","SPcara1","yes","ok NAB digitado! Checado","precisa","parcelas","SP","contiguous",4,1,"PBH>=15.0cm",315390,"UC Protecao Integral",142000,NA,"Atlantic_Forest","FOD","FODSm","secondary",NA,"2012",2013,2166,181,"/home/danilo/Documentos/Doutorado/artigo_mestrado/paisagens_atualizadas/ref1124_NA_1703.tif",0.0999999999999999,"laplace","2",2166,2.1486752129677,7.14580988196238,0.716236779661582,0.00416128
"1124","1703","/home/danilo/Documentos/Doutorado/artigo_mestrado/1A.P_MOVER/simulacao/ref1124_NA_1703.txt","SPcara1","yes","ok NAB digitado! Checado","precisa","parcelas","SP","contiguous",4,1,"PBH>=15.0cm",315390,"UC Protecao Integral",142000,NA,"Atlantic_Forest","FOD","FODSm","secondary",NA,"2012",2013,2166,181,"/home/danilo/Documentos/Doutorado/artigo_mestrado/paisagens_atualizadas/ref1124_NA_1703.tif",0.0999999999999999,"laplace","2",2166,2.1486752129677,7.14580988196238,0.716236779661582,0.0054376
"1124","1703","/home/danilo/Documentos/Doutorado/artigo_mestrado/1A.P_MOVER/simulacao/ref1124_NA_1703.txt","SPcara1","yes","ok NAB digitado! Checado","precisa","parcelas","SP","contiguous",4,1,"PBH>=15.0cm",315390,"UC Protecao Integral",142000,NA,"Atlantic_Forest","FOD","FODSm","secondary",NA,"2012",2013,2166,181,"/home/danilo/Documentos/Doutorado/artigo_mestrado/paisagens_atualizadas/ref1124_NA_1703.tif",0.0999999999999999,"laplace","2",2166,2.1486752129677,7.14580988196238,0.716236779661582,0.00449027
"1124","1703","/home/danilo/Documentos/Doutorado/artigo_mestrado/1A.P_MOVER/simulacao/ref1124_NA_1703.txt","SPcara1","yes","ok NAB digitado! Checado","precisa","parcelas","SP","contiguous",4,1,"PBH>=15.0cm",315390,"UC Protecao Integral",142000,NA,"Atlantic_Forest","FOD","FODSm","secondary",NA,"2012",2013,2166,181,"/home/danilo/Documentos/Doutorado/artigo_mestrado/paisagens_atualizadas/ref1124_NA_1703.tif",0.0999999999999999,"laplace","2",2166,2.1486752129677,7.14580988196238,0.716236779661582,0.00446005
"1124","1703","/home/danilo/Documentos/Doutorado/artigo_mestrado/1A.P_MOVER/simulacao/ref1124_NA_1703.txt","SPcara1","yes","ok NAB digitado! Checado","precisa","parcelas","SP","contiguous",4,1,"PBH>=15.0cm",315390,"UC Protecao Integral",142000,NA,"Atlantic_Forest","FOD","FODSm","secondary",NA,"2012",2013,2166,181,"/home/danilo/Documentos/Doutorado/artigo_mestrado/paisagens_atualizadas/ref1124_NA_1703.tif",0.0999999999999999,"laplace","2",2166,2.1486752129677,7.14580988196238,0.716236779661582,0.00479241
"1124","1704","/home/danilo/Documentos/Doutorado/artigo_mestrado/1A.P_MOVER/simulacao/ref1124_NA_1704.txt","SPcara3","yes","ok NAB digitado! Checado","precisa","parcelas","SP","contiguous",4,1,"PBH>=15.0cm",315390,"UC Protecao Integral",142000,NA,"Atlantic_Forest","FOD","FODM","primary/secondary",35,"2012",2013,1735,143,"/home/danilo/Documentos/Doutorado/artigo_mestrado/paisagens_atualizadas/ref1124_NA_1704.tif",0.0999999999999999,"laplace","2",1735,2.40076836883672,7.97785467931029,0.642362355282043,0.00688906
"1124","1704","/home/danilo/Documentos/Doutorado/artigo_mestrado/1A.P_MOVER/simulacao/ref1124_NA_1704.txt","SPcara3","yes","ok NAB digitado! Checado","precisa","parcelas","SP","contiguous",4,1,"PBH>=15.0cm",315390,"UC Protecao Integral",142000,NA,"Atlantic_Forest","FOD","FODM","primary/secondary",35,"2012",2013,1735,143,"/home/danilo/Documentos/Doutorado/artigo_mestrado/paisagens_atualizadas/ref1124_NA_1704.tif",0.0999999999999999,"laplace","2",1735,2.40076836883672,7.97785467931029,0.642362355282043,0.00774658
"1124","1704","/home/danilo/Documentos/Doutorado/artigo_mestrado/1A.P_MOVER/simulacao/ref1124_NA_1704.txt","SPcara3","yes","ok NAB digitado! Checado","precisa","parcelas","SP","contiguous",4,1,"PBH>=15.0cm",315390,"UC Protecao Integral",142000,NA,"Atlantic_Forest","FOD","FODM","primary/secondary",35,"2012",2013,1735,143,"/home/danilo/Documentos/Doutorado/artigo_mestrado/paisagens_atualizadas/ref1124_NA_1704.tif",0.0999999999999999,"laplace","2",1735,2.40076836883672,7.97785467931029,0.642362355282043,0.00712435
"1124","1704","/home/danilo/Documentos/Doutorado/artigo_mestrado/1A.P_MOVER/simulacao/ref1124_NA_1704.txt","SPcara3","yes","ok NAB digitado! Checado","precisa","parcelas","SP","contiguous",4,1,"PBH>=15.0cm",315390,"UC Protecao Integral",142000,NA,"Atlantic_Forest","FOD","FODM","primary/secondary",35,"2012",2013,1735,143,"/home/danilo/Documentos/Doutorado/artigo_mestrado/paisagens_atualizadas/ref1124_NA_1704.tif",0.0999999999999999,"laplace","2",1735,2.40076836883672,7.97785467931029,0.642362355282043,0.00770905
"1124","1704","/home/danilo/Documentos/Doutorado/artigo_mestrado/1A.P_MOVER/simulacao/ref1124_NA_1704.txt","SPcara3","yes","ok NAB digitado! Checado","precisa","parcelas","SP","contiguous",4,1,"PBH>=15.0cm",315390,"UC Protecao Integral",142000,NA,"Atlantic_Forest","FOD","FODM","primary/secondary",35,"2012",2013,1735,143,"/home/danilo/Documentos/Doutorado/artigo_mestrado/paisagens_atualizadas/ref1124_NA_1704.tif",0.0999999999999999,"laplace","2",1735,2.40076836883672,7.97785467931029,0.642362355282043,0.00716471
"1124","1704","/home/danilo/Documentos/Doutorado/artigo_mestrado/1A.P_MOVER/simulacao/ref1124_NA_1704.txt","SPcara3","yes","ok NAB digitado! Checado","precisa","parcelas","SP","contiguous",4,1,"PBH>=15.0cm",315390,"UC Protecao Integral",142000,NA,"Atlantic_Forest","FOD","FODM","primary/secondary",35,"2012",2013,1735,143,"/home/danilo/Documentos/Doutorado/artigo_mestrado/paisagens_atualizadas/ref1124_NA_1704.tif",0.0999999999999999,"laplace","2",1735,2.40076836883672,7.97785467931029,0.642362355282043,0.00716386
"1124","1704","/home/danilo/Documentos/Doutorado/artigo_mestrado/1A.P_MOVER/simulacao/ref1124_NA_1704.txt","SPcara3","yes","ok NAB digitado! Checado","precisa","parcelas","SP","contiguous",4,1,"PBH>=15.0cm",315390,"UC Protecao Integral",142000,NA,"Atlantic_Forest","FOD","FODM","primary/secondary",35,"2012",2013,1735,143,"/home/danilo/Documentos/Doutorado/artigo_mestrado/paisagens_atualizadas/ref1124_NA_1704.tif",0.0999999999999999,"laplace","2",1735,2.40076836883672,7.97785467931029,0.642362355282043,0.00732213
"1124","1704","/home/danilo/Documentos/Doutorado/artigo_mestrado/1A.P_MOVER/simulacao/ref1124_NA_1704.txt","SPcara3","yes","ok NAB digitado! Checado","precisa","parcelas","SP","contiguous",4,1,"PBH>=15.0cm",315390,"UC Protecao Integral",142000,NA,"Atlantic_Forest","FOD","FODM","primary/secondary",35,"2012",2013,1735,143,"/home/danilo/Documentos/Doutorado/artigo_mestrado/paisagens_atualizadas/ref1124_NA_1704.tif",0.0999999999999999,"laplace","2",1735,2.40076836883672,7.97785467931029,0.642362355282043,0.00726302
"1124","1704","/home/danilo/Documentos/Doutorado/artigo_mestrado/1A.P_MOVER/simulacao/ref1124_NA_1704.txt","SPcara3","yes","ok NAB digitado! Checado","precisa","parcelas","SP","contiguous",4,1,"PBH>=15.0cm",315390,"UC Protecao Integral",142000,NA,"Atlantic_Forest","FOD","FODM","primary/secondary",35,"2012",2013,1735,143,"/home/danilo/Documentos/Doutorado/artigo_mestrado/paisagens_atualizadas/ref1124_NA_1704.tif",0.0999999999999999,"laplace","2",1735,2.40076836883672,7.97785467931029,0.642362355282043,0.00668215
"1124","1704","/home/danilo/Documentos/Doutorado/artigo_mestrado/1A.P_MOVER/simulacao/ref1124_NA_1704.txt","SPcara3","yes","ok NAB digitado! Checado","precisa","parcelas","SP","contiguous",4,1,"PBH>=15.0cm",315390,"UC Protecao Integral",142000,NA,"Atlantic_Forest","FOD","FODM","primary/secondary",35,"2012",2013,1735,143,"/home/danilo/Documentos/Doutorado/artigo_mestrado/paisagens_atualizadas/ref1124_NA_1704.tif",0.0999999999999999,"laplace","2",1735,2.40076836883672,7.97785467931029,0.642362355282043,0.0075094
"113","138","/home/danilo/Documentos/Doutorado/artigo_mestrado/1A.P_MOVER/simulacao/ref113_NA_138.txt","MGuberl6","yes","ok NAB digitado! Checado","precisa","parcelas","MG","contiguous/systematic",104,1.04,"PBH>=15.0cm",136.928163,"UC Protecao Integral",21,35,"Atlantic_Forest","FES",NA,"secondary",NA,NA,2006,994,79,"/home/danilo/Documentos/Doutorado/artigo_mestrado/paisagens_atualizadas/ref113_NA_138.tif",0.0999999999999999,"laplace","2",955.769230769231,3.23462156363921,10.7856306951858,0.77493002427987,0.00342301
"113","138","/home/danilo/Documentos/Doutorado/artigo_mestrado/1A.P_MOVER/simulacao/ref113_NA_138.txt","MGuberl6","yes","ok NAB digitado! Checado","precisa","parcelas","MG","contiguous/systematic",104,1.04,"PBH>=15.0cm",136.928163,"UC Protecao Integral",21,35,"Atlantic_Forest","FES",NA,"secondary",NA,NA,2006,994,79,"/home/danilo/Documentos/Doutorado/artigo_mestrado/paisagens_atualizadas/ref113_NA_138.tif",0.0999999999999999,"laplace","2",955.769230769231,3.23462156363921,10.7856306951858,0.77493002427987,0.00311108
"113","138","/home/danilo/Documentos/Doutorado/artigo_mestrado/1A.P_MOVER/simulacao/ref113_NA_138.txt","MGuberl6","yes","ok NAB digitado! Checado","precisa","parcelas","MG","contiguous/systematic",104,1.04,"PBH>=15.0cm",136.928163,"UC Protecao Integral",21,35,"Atlantic_Forest","FES",NA,"secondary",NA,NA,2006,994,79,"/home/danilo/Documentos/Doutorado/artigo_mestrado/paisagens_atualizadas/ref113_NA_138.tif",0.0999999999999999,"laplace","2",955.769230769231,3.23462156363921,10.7856306951858,0.77493002427987,0.00345185
"113","138","/home/danilo/Documentos/Doutorado/artigo_mestrado/1A.P_MOVER/simulacao/ref113_NA_138.txt","MGuberl6","yes","ok NAB digitado! Checado","precisa","parcelas","MG","contiguous/systematic",104,1.04,"PBH>=15.0cm",136.928163,"UC Protecao Integral",21,35,"Atlantic_Forest","FES",NA,"secondary",NA,NA,2006,994,79,"/home/danilo/Documentos/Doutorado/artigo_mestrado/paisagens_atualizadas/ref113_NA_138.tif",0.0999999999999999,"laplace","2",955.769230769231,3.23462156363921,10.7856306951858,0.77493002427987,0.00342557
"113","138","/home/danilo/Documentos/Doutorado/artigo_mestrado/1A.P_MOVER/simulacao/ref113_NA_138.txt","MGuberl6","yes","ok NAB digitado! Checado","precisa","parcelas","MG","contiguous/systematic",104,1.04,"PBH>=15.0cm",136.928163,"UC Protecao Integral",21,35,"Atlantic_Forest","FES",NA,"secondary",NA,NA,2006,994,79,"/home/danilo/Documentos/Doutorado/artigo_mestrado/paisagens_atualizadas/ref113_NA_138.tif",0.0999999999999999,"laplace","2",955.769230769231,3.23462156363921,10.7856306951858,0.77493002427987,0.00323057
"113","138","/home/danilo/Documentos/Doutorado/artigo_mestrado/1A.P_MOVER/simulacao/ref113_NA_138.txt","MGuberl6","yes","ok NAB digitado! Checado","precisa","parcelas","MG","contiguous/systematic",104,1.04,"PBH>=15.0cm",136.928163,"UC Protecao Integral",21,35,"Atlantic_Forest","FES",NA,"secondary",NA,NA,2006,994,79,"/home/danilo/Documentos/Doutorado/artigo_mestrado/paisagens_atualizadas/ref113_NA_138.tif",0.0999999999999999,"laplace","2",955.769230769231,3.23462156363921,10.7856306951858,0.77493002427987,0.0030063
"113","138","/home/danilo/Documentos/Doutorado/artigo_mestrado/1A.P_MOVER/simulacao/ref113_NA_138.txt","MGuberl6","yes","ok NAB digitado! Checado","precisa","parcelas","MG","contiguous/systematic",104,1.04,"PBH>=15.0cm",136.928163,"UC Protecao Integral",21,35,"Atlantic_Forest","FES",NA,"secondary",NA,NA,2006,994,79,"/home/danilo/Documentos/Doutorado/artigo_mestrado/paisagens_atualizadas/ref113_NA_138.tif",0.0999999999999999,"laplace","2",955.769230769231,3.23462156363921,10.7856306951858,0.77493002427987,0.00340248
"113","138","/home/danilo/Documentos/Doutorado/artigo_mestrado/1A.P_MOVER/simulacao/ref113_NA_138.txt","MGuberl6","yes","ok NAB digitado! Checado","precisa","parcelas","MG","contiguous/systematic",104,1.04,"PBH>=15.0cm",136.928163,"UC Protecao Integral",21,35,"Atlantic_Forest","FES",NA,"secondary",NA,NA,2006,994,79,"/home/danilo/Documentos/Doutorado/artigo_mestrado/paisagens_atualizadas/ref113_NA_138.tif",0.0999999999999999,"laplace","2",955.769230769231,3.23462156363921,10.7856306951858,0.77493002427987,0.00291224
"113","138","/home/danilo/Documentos/Doutorado/artigo_mestrado/1A.P_MOVER/simulacao/ref113_NA_138.txt","MGuberl6","yes","ok NAB digitado! Checado","precisa","parcelas","MG","contiguous/systematic",104,1.04,"PBH>=15.0cm",136.928163,"UC Protecao Integral",21,35,"Atlantic_Forest","FES",NA,"secondary",NA,NA,2006,994,79,"/home/danilo/Documentos/Doutorado/artigo_mestrado/paisagens_atualizadas/ref113_NA_138.tif",0.0999999999999999,"laplace","2",955.769230769231,3.23462156363921,10.7856306951858,0.77493002427987,0.00323245
"113","138","/home/danilo/Documentos/Doutorado/artigo_mestrado/1A.P_MOVER/simulacao/ref113_NA_138.txt","MGuberl6","yes","ok NAB digitado! Checado","precisa","parcelas","MG","contiguous/systematic",104,1.04,"PBH>=15.0cm",136.928163,"UC Protecao Integral",21,35,"Atlantic_Forest","FES",NA,"secondary",NA,NA,2006,994,79,"/home/danilo/Documentos/Doutorado/artigo_mestrado/paisagens_atualizadas/ref113_NA_138.tif",0.0999999999999999,"laplace","2",955.769230769231,3.23462156363921,10.7856306951858,0.77493002427987,0.0035004
"1159","1776","/home/danilo/Documentos/Doutorado/artigo_mestrado/1A.P_MOVER/simulacao/ref1159_NA_1776.txt","PRrico1","yes","ok NAB digitado! Checado","exata","parcelas","PR","contiguous",50,1,"PBH>=15.0cm",1005188.39,"private_in_APA",219,20,"Atlantic_Forest","FES","FES-Al","secondary",NA,NA,2012,1019,66,"/home/danilo/Documentos/Doutorado/artigo_mestrado/paisagens_atualizadas/ref1159_NA_1776.tif",0.0999999999999999,"laplace","2",1019,3.13265744838319,10.3948661829638,0.0883051033780371,0.00814373
"1159","1776","/home/danilo/Documentos/Doutorado/artigo_mestrado/1A.P_MOVER/simulacao/ref1159_NA_1776.txt","PRrico1","yes","ok NAB digitado! Checado","exata","parcelas","PR","contiguous",50,1,"PBH>=15.0cm",1005188.39,"private_in_APA",219,20,"Atlantic_Forest","FES","FES-Al","secondary",NA,NA,2012,1019,66,"/home/danilo/Documentos/Doutorado/artigo_mestrado/paisagens_atualizadas/ref1159_NA_1776.tif",0.0999999999999999,"laplace","2",1019,3.13265744838319,10.3948661829638,0.0883051033780371,0.0073063
"1159","1776","/home/danilo/Documentos/Doutorado/artigo_mestrado/1A.P_MOVER/simulacao/ref1159_NA_1776.txt","PRrico1","yes","ok NAB digitado! Checado","exata","parcelas","PR","contiguous",50,1,"PBH>=15.0cm",1005188.39,"private_in_APA",219,20,"Atlantic_Forest","FES","FES-Al","secondary",NA,NA,2012,1019,66,"/home/danilo/Documentos/Doutorado/artigo_mestrado/paisagens_atualizadas/ref1159_NA_1776.tif",0.0999999999999999,"laplace","2",1019,3.13265744838319,10.3948661829638,0.0883051033780371,0.00701627
"1159","1776","/home/danilo/Documentos/Doutorado/artigo_mestrado/1A.P_MOVER/simulacao/ref1159_NA_1776.txt","PRrico1","yes","ok NAB digitado! Checado","exata","parcelas","PR","contiguous",50,1,"PBH>=15.0cm",1005188.39,"private_in_APA",219,20,"Atlantic_Forest","FES","FES-Al","secondary",NA,NA,2012,1019,66,"/home/danilo/Documentos/Doutorado/artigo_mestrado/paisagens_atualizadas/ref1159_NA_1776.tif",0.0999999999999999,"laplace","2",1019,3.13265744838319,10.3948661829638,0.0883051033780371,0.00701627
"1159","1776","/home/danilo/Documentos/Doutorado/artigo_mestrado/1A.P_MOVER/simulacao/ref1159_NA_1776.txt","PRrico1","yes","ok NAB digitado! Checado","exata","parcelas","PR","contiguous",50,1,"PBH>=15.0cm",1005188.39,"private_in_APA",219,20,"Atlantic_Forest","FES","FES-Al","secondary",NA,NA,2012,1019,66,"/home/danilo/Documentos/Doutorado/artigo_mestrado/paisagens_atualizadas/ref1159_NA_1776.tif",0.0999999999999999,"laplace","2",1019,3.13265744838319,10.3948661829638,0.0883051033780371,0.00698051
"1159","1776","/home/danilo/Documentos/Doutorado/artigo_mestrado/1A.P_MOVER/simulacao/ref1159_NA_1776.txt","PRrico1","yes","ok NAB digitado! Checado","exata","parcelas","PR","contiguous",50,1,"PBH>=15.0cm",1005188.39,"private_in_APA",219,20,"Atlantic_Forest","FES","FES-Al","secondary",NA,NA,2012,1019,66,"/home/danilo/Documentos/Doutorado/artigo_mestrado/paisagens_atualizadas/ref1159_NA_1776.tif",0.0999999999999999,"laplace","2",1019,3.13265744838319,10.3948661829638,0.0883051033780371,0.00701601
"1159","1776","/home/danilo/Documentos/Doutorado/artigo_mestrado/1A.P_MOVER/simulacao/ref1159_NA_1776.txt","PRrico1","yes","ok NAB digitado! Checado","exata","parcelas","PR","contiguous",50,1,"PBH>=15.0cm",1005188.39,"private_in_APA",219,20,"Atlantic_Forest","FES","FES-Al","secondary",NA,NA,2012,1019,66,"/home/danilo/Documentos/Doutorado/artigo_mestrado/paisagens_atualizadas/ref1159_NA_1776.tif",0.0999999999999999,"laplace","2",1019,3.13265744838319,10.3948661829638,0.0883051033780371,0.00799471
"1159","1776","/home/danilo/Documentos/Doutorado/artigo_mestrado/1A.P_MOVER/simulacao/ref1159_NA_1776.txt","PRrico1","yes","ok NAB digitado! Checado","exata","parcelas","PR","contiguous",50,1,"PBH>=15.0cm",1005188.39,"private_in_APA",219,20,"Atlantic_Forest","FES","FES-Al","secondary",NA,NA,2012,1019,66,"/home/danilo/Documentos/Doutorado/artigo_mestrado/paisagens_atualizadas/ref1159_NA_1776.tif",0.0999999999999999,"laplace","2",1019,3.13265744838319,10.3948661829638,0.0883051033780371,0.0082892
"1159","1776","/home/danilo/Documentos/Doutorado/artigo_mestrado/1A.P_MOVER/simulacao/ref1159_NA_1776.txt","PRrico1","yes","ok NAB digitado! Checado","exata","parcelas","PR","contiguous",50,1,"PBH>=15.0cm",1005188.39,"private_in_APA",219,20,"Atlantic_Forest","FES","FES-Al","secondary",NA,NA,2012,1019,66,"/home/danilo/Documentos/Doutorado/artigo_mestrado/paisagens_atualizadas/ref1159_NA_1776.tif",0.0999999999999999,"laplace","2",1019,3.13265744838319,10.3948661829638,0.0883051033780371,0.0076593
"1159","1776","/home/danilo/Documentos/Doutorado/artigo_mestrado/1A.P_MOVER/simulacao/ref1159_NA_1776.txt","PRrico1","yes","ok NAB digitado! Checado","exata","parcelas","PR","contiguous",50,1,"PBH>=15.0cm",1005188.39,"private_in_APA",219,20,"Atlantic_Forest","FES","FES-Al","secondary",NA,NA,2012,1019,66,"/home/danilo/Documentos/Doutorado/artigo_mestrado/paisagens_atualizadas/ref1159_NA_1776.tif",0.0999999999999999,"laplace","2",1019,3.13265744838319,10.3948661829638,0.0883051033780371,0.00808269
"1183","1928","/home/danilo/Documentos/Doutorado/artigo_mestrado/1A.P_MOVER/simulacao/ref1183_NA_1928.txt","RScamb1","yes","ok NAB digitado! Checado","exata","parcelas","RS","contiguous",100,1,"DBH>=5.0cm",13141.05,"UC Protecao Integral",16.55,NA,"Atlantic_Forest","FOM",NA,"primary/secondary",NA,NA,2005,1178,42,"/home/danilo/Documentos/Doutorado/artigo_mestrado/paisagens_atualizadas/ref1183_NA_1928.tif",0.0999999999999999,"laplace","2",1178,2.91358273374033,9.67423418386999,0.474989220336966,0.0074734
"1183","1928","/home/danilo/Documentos/Doutorado/artigo_mestrado/1A.P_MOVER/simulacao/ref1183_NA_1928.txt","RScamb1","yes","ok NAB digitado! Checado","exata","parcelas","RS","contiguous",100,1,"DBH>=5.0cm",13141.05,"UC Protecao Integral",16.55,NA,"Atlantic_Forest","FOM",NA,"primary/secondary",NA,NA,2005,1178,42,"/home/danilo/Documentos/Doutorado/artigo_mestrado/paisagens_atualizadas/ref1183_NA_1928.tif",0.0999999999999999,"laplace","2",1178,2.91358273374033,9.67423418386999,0.474989220336966,0.00742446
"1183","1928","/home/danilo/Documentos/Doutorado/artigo_mestrado/1A.P_MOVER/simulacao/ref1183_NA_1928.txt","RScamb1","yes","ok NAB digitado! Checado","exata","parcelas","RS","contiguous",100,1,"DBH>=5.0cm",13141.05,"UC Protecao Integral",16.55,NA,"Atlantic_Forest","FOM",NA,"primary/secondary",NA,NA,2005,1178,42,"/home/danilo/Documentos/Doutorado/artigo_mestrado/paisagens_atualizadas/ref1183_NA_1928.tif",0.0999999999999999,"laplace","2",1178,2.91358273374033,9.67423418386999,0.474989220336966,0.00747359
"1183","1928","/home/danilo/Documentos/Doutorado/artigo_mestrado/1A.P_MOVER/simulacao/ref1183_NA_1928.txt","RScamb1","yes","ok NAB digitado! Checado","exata","parcelas","RS","contiguous",100,1,"DBH>=5.0cm",13141.05,"UC Protecao Integral",16.55,NA,"Atlantic_Forest","FOM",NA,"primary/secondary",NA,NA,2005,1178,42,"/home/danilo/Documentos/Doutorado/artigo_mestrado/paisagens_atualizadas/ref1183_NA_1928.tif",0.0999999999999999,"laplace","2",1178,2.91358273374033,9.67423418386999,0.474989220336966,0.00771948
"1183","1928","/home/danilo/Documentos/Doutorado/artigo_mestrado/1A.P_MOVER/simulacao/ref1183_NA_1928.txt","RScamb1","yes","ok NAB digitado! Checado","exata","parcelas","RS","contiguous",100,1,"DBH>=5.0cm",13141.05,"UC Protecao Integral",16.55,NA,"Atlantic_Forest","FOM",NA,"primary/secondary",NA,NA,2005,1178,42,"/home/danilo/Documentos/Doutorado/artigo_mestrado/paisagens_atualizadas/ref1183_NA_1928.tif",0.0999999999999999,"laplace","2",1178,2.91358273374033,9.67423418386999,0.474989220336966,0.00788455
"1183","1928","/home/danilo/Documentos/Doutorado/artigo_mestrado/1A.P_MOVER/simulacao/ref1183_NA_1928.txt","RScamb1","yes","ok NAB digitado! Checado","exata","parcelas","RS","contiguous",100,1,"DBH>=5.0cm",13141.05,"UC Protecao Integral",16.55,NA,"Atlantic_Forest","FOM",NA,"primary/secondary",NA,NA,2005,1178,42,"/home/danilo/Documentos/Doutorado/artigo_mestrado/paisagens_atualizadas/ref1183_NA_1928.tif",0.0999999999999999,"laplace","2",1178,2.91358273374033,9.67423418386999,0.474989220336966,0.00747845
"1183","1928","/home/danilo/Documentos/Doutorado/artigo_mestrado/1A.P_MOVER/simulacao/ref1183_NA_1928.txt","RScamb1","yes","ok NAB digitado! Checado","exata","parcelas","RS","contiguous",100,1,"DBH>=5.0cm",13141.05,"UC Protecao Integral",16.55,NA,"Atlantic_Forest","FOM",NA,"primary/secondary",NA,NA,2005,1178,42,"/home/danilo/Documentos/Doutorado/artigo_mestrado/paisagens_atualizadas/ref1183_NA_1928.tif",0.0999999999999999,"laplace","2",1178,2.91358273374033,9.67423418386999,0.474989220336966,0.00815
"1183","1928","/home/danilo/Documentos/Doutorado/artigo_mestrado/1A.P_MOVER/simulacao/ref1183_NA_1928.txt","RScamb1","yes","ok NAB digitado! Checado","exata","parcelas","RS","contiguous",100,1,"DBH>=5.0cm",13141.05,"UC Protecao Integral",16.55,NA,"Atlantic_Forest","FOM",NA,"primary/secondary",NA,NA,2005,1178,42,"/home/danilo/Documentos/Doutorado/artigo_mestrado/paisagens_atualizadas/ref1183_NA_1928.tif",0.0999999999999999,"laplace","2",1178,2.91358273374033,9.67423418386999,0.474989220336966,0.00739082
"1183","1928","/home/danilo/Documentos/Doutorado/artigo_mestrado/1A.P_MOVER/simulacao/ref1183_NA_1928.txt","RScamb1","yes","ok NAB digitado! Checado","exata","parcelas","RS","contiguous",100,1,"DBH>=5.0cm",13141.05,"UC Protecao Integral",16.55,NA,"Atlantic_Forest","FOM",NA,"primary/secondary",NA,NA,2005,1178,42,"/home/danilo/Documentos/Doutorado/artigo_mestrado/paisagens_atualizadas/ref1183_NA_1928.tif",0.0999999999999999,"laplace","2",1178,2.91358273374033,9.67423418386999,0.474989220336966,0.00809581
"1183","1928","/home/danilo/Documentos/Doutorado/artigo_mestrado/1A.P_MOVER/simulacao/ref1183_NA_1928.txt","RScamb1","yes","ok NAB digitado! Checado","exata","parcelas","RS","contiguous",100,1,"DBH>=5.0cm",13141.05,"UC Protecao Integral",16.55,NA,"Atlantic_Forest","FOM",NA,"primary/secondary",NA,NA,2005,1178,42,"/home/danilo/Documentos/Doutorado/artigo_mestrado/paisagens_atualizadas/ref1183_NA_1928.tif",0.0999999999999999,"laplace","2",1178,2.91358273374033,9.67423418386999,0.474989220336966,0.00764335
"1327","2157","/home/danilo/Documentos/Doutorado/artigo_mestrado/1A.P_MOVER/simulacao/ref1327_NA_2157.txt","PRdiam3","yes","ok NAB digitado! Checado","boa","parcelas","PR","contiguous",72,1.08,"PBH>=15.0cm",1449.48,"UC Protecao Integral",1441.82,1000,"Atlantic_Forest","FES","FESSm","primary",NA,NA,2009,1130,77,"/home/danilo/Documentos/Doutorado/artigo_mestrado/paisagens_atualizadas/ref1327_NA_2157.tif",0.0999999999999999,"laplace","2",1046.2962962963,3.09152423957727,10.2132079822999,0.0958310001215248,0.00583442
"1327","2157","/home/danilo/Documentos/Doutorado/artigo_mestrado/1A.P_MOVER/simulacao/ref1327_NA_2157.txt","PRdiam3","yes","ok NAB digitado! Checado","boa","parcelas","PR","contiguous",72,1.08,"PBH>=15.0cm",1449.48,"UC Protecao Integral",1441.82,1000,"Atlantic_Forest","FES","FESSm","primary",NA,NA,2009,1130,77,"/home/danilo/Documentos/Doutorado/artigo_mestrado/paisagens_atualizadas/ref1327_NA_2157.tif",0.0999999999999999,"laplace","2",1046.2962962963,3.09152423957727,10.2132079822999,0.0958310001215248,0.00613743
"1327","2157","/home/danilo/Documentos/Doutorado/artigo_mestrado/1A.P_MOVER/simulacao/ref1327_NA_2157.txt","PRdiam3","yes","ok NAB digitado! Checado","boa","parcelas","PR","contiguous",72,1.08,"PBH>=15.0cm",1449.48,"UC Protecao Integral",1441.82,1000,"Atlantic_Forest","FES","FESSm","primary",NA,NA,2009,1130,77,"/home/danilo/Documentos/Doutorado/artigo_mestrado/paisagens_atualizadas/ref1327_NA_2157.tif",0.0999999999999999,"laplace","2",1046.2962962963,3.09152423957727,10.2132079822999,0.0958310001215248,0.00590409
"1327","2157","/home/danilo/Documentos/Doutorado/artigo_mestrado/1A.P_MOVER/simulacao/ref1327_NA_2157.txt","PRdiam3","yes","ok NAB digitado! Checado","boa","parcelas","PR","contiguous",72,1.08,"PBH>=15.0cm",1449.48,"UC Protecao Integral",1441.82,1000,"Atlantic_Forest","FES","FESSm","primary",NA,NA,2009,1130,77,"/home/danilo/Documentos/Doutorado/artigo_mestrado/paisagens_atualizadas/ref1327_NA_2157.tif",0.0999999999999999,"laplace","2",1046.2962962963,3.09152423957727,10.2132079822999,0.0958310001215248,0.00591583
"1327","2157","/home/danilo/Documentos/Doutorado/artigo_mestrado/1A.P_MOVER/simulacao/ref1327_NA_2157.txt","PRdiam3","yes","ok NAB digitado! Checado","boa","parcelas","PR","contiguous",72,1.08,"PBH>=15.0cm",1449.48,"UC Protecao Integral",1441.82,1000,"Atlantic_Forest","FES","FESSm","primary",NA,NA,2009,1130,77,"/home/danilo/Documentos/Doutorado/artigo_mestrado/paisagens_atualizadas/ref1327_NA_2157.tif",0.0999999999999999,"laplace","2",1046.2962962963,3.09152423957727,10.2132079822999,0.0958310001215248,0.00607557
"1327","2157","/home/danilo/Documentos/Doutorado/artigo_mestrado/1A.P_MOVER/simulacao/ref1327_NA_2157.txt","PRdiam3","yes","ok NAB digitado! Checado","boa","parcelas","PR","contiguous",72,1.08,"PBH>=15.0cm",1449.48,"UC Protecao Integral",1441.82,1000,"Atlantic_Forest","FES","FESSm","primary",NA,NA,2009,1130,77,"/home/danilo/Documentos/Doutorado/artigo_mestrado/paisagens_atualizadas/ref1327_NA_2157.tif",0.0999999999999999,"laplace","2",1046.2962962963,3.09152423957727,10.2132079822999,0.0958310001215248,0.00586231
"1327","2157","/home/danilo/Documentos/Doutorado/artigo_mestrado/1A.P_MOVER/simulacao/ref1327_NA_2157.txt","PRdiam3","yes","ok NAB digitado! Checado","boa","parcelas","PR","contiguous",72,1.08,"PBH>=15.0cm",1449.48,"UC Protecao Integral",1441.82,1000,"Atlantic_Forest","FES","FESSm","primary",NA,NA,2009,1130,77,"/home/danilo/Documentos/Doutorado/artigo_mestrado/paisagens_atualizadas/ref1327_NA_2157.tif",0.0999999999999999,"laplace","2",1046.2962962963,3.09152423957727,10.2132079822999,0.0958310001215248,0.00638258
"1327","2157","/home/danilo/Documentos/Doutorado/artigo_mestrado/1A.P_MOVER/simulacao/ref1327_NA_2157.txt","PRdiam3","yes","ok NAB digitado! Checado","boa","parcelas","PR","contiguous",72,1.08,"PBH>=15.0cm",1449.48,"UC Protecao Integral",1441.82,1000,"Atlantic_Forest","FES","FESSm","primary",NA,NA,2009,1130,77,"/home/danilo/Documentos/Doutorado/artigo_mestrado/paisagens_atualizadas/ref1327_NA_2157.tif",0.0999999999999999,"laplace","2",1046.2962962963,3.09152423957727,10.2132079822999,0.0958310001215248,0.00566075
"1327","2157","/home/danilo/Documentos/Doutorado/artigo_mestrado/1A.P_MOVER/simulacao/ref1327_NA_2157.txt","PRdiam3","yes","ok NAB digitado! Checado","boa","parcelas","PR","contiguous",72,1.08,"PBH>=15.0cm",1449.48,"UC Protecao Integral",1441.82,1000,"Atlantic_Forest","FES","FESSm","primary",NA,NA,2009,1130,77,"/home/danilo/Documentos/Doutorado/artigo_mestrado/paisagens_atualizadas/ref1327_NA_2157.tif",0.0999999999999999,"laplace","2",1046.2962962963,3.09152423957727,10.2132079822999,0.0958310001215248,0.00629568
"1327","2157","/home/danilo/Documentos/Doutorado/artigo_mestrado/1A.P_MOVER/simulacao/ref1327_NA_2157.txt","PRdiam3","yes","ok NAB digitado! Checado","boa","parcelas","PR","contiguous",72,1.08,"PBH>=15.0cm",1449.48,"UC Protecao Integral",1441.82,1000,"Atlantic_Forest","FES","FESSm","primary",NA,NA,2009,1130,77,"/home/danilo/Documentos/Doutorado/artigo_mestrado/paisagens_atualizadas/ref1327_NA_2157.tif",0.0999999999999999,"laplace","2",1046.2962962963,3.09152423957727,10.2132079822999,0.0958310001215248,0.00600952
"1340","2177","/home/danilo/Documentos/Doutorado/artigo_mestrado/1A.P_MOVER/simulacao/ref1340_NA_2177.txt","RSgaur","yes","ok NAB digitado! Checado","precisa","parcelas","RS","contiguous/systematic",5,1,"PBH>=15.0cm",NA,"private",140.96,462,"Atlantic_Forest","FES","FES/FOM","primary/secondary",NA,NA,2009,1540,84,"/home/danilo/Documentos/Doutorado/artigo_mestrado/paisagens_atualizadas/ref1340_NA_2177.tif",0.0999999999999999,"laplace","2",1540,2.54823595718813,8.37885203590421,0.294101375,0.00835767
"1340","2177","/home/danilo/Documentos/Doutorado/artigo_mestrado/1A.P_MOVER/simulacao/ref1340_NA_2177.txt","RSgaur","yes","ok NAB digitado! Checado","precisa","parcelas","RS","contiguous/systematic",5,1,"PBH>=15.0cm",NA,"private",140.96,462,"Atlantic_Forest","FES","FES/FOM","primary/secondary",NA,NA,2009,1540,84,"/home/danilo/Documentos/Doutorado/artigo_mestrado/paisagens_atualizadas/ref1340_NA_2177.tif",0.0999999999999999,"laplace","2",1540,2.54823595718813,8.37885203590421,0.294101375,0.00881453
"1340","2177","/home/danilo/Documentos/Doutorado/artigo_mestrado/1A.P_MOVER/simulacao/ref1340_NA_2177.txt","RSgaur","yes","ok NAB digitado! Checado","precisa","parcelas","RS","contiguous/systematic",5,1,"PBH>=15.0cm",NA,"private",140.96,462,"Atlantic_Forest","FES","FES/FOM","primary/secondary",NA,NA,2009,1540,84,"/home/danilo/Documentos/Doutorado/artigo_mestrado/paisagens_atualizadas/ref1340_NA_2177.tif",0.0999999999999999,"laplace","2",1540,2.54823595718813,8.37885203590421,0.294101375,0.00792217
"1340","2177","/home/danilo/Documentos/Doutorado/artigo_mestrado/1A.P_MOVER/simulacao/ref1340_NA_2177.txt","RSgaur","yes","ok NAB digitado! Checado","precisa","parcelas","RS","contiguous/systematic",5,1,"PBH>=15.0cm",NA,"private",140.96,462,"Atlantic_Forest","FES","FES/FOM","primary/secondary",NA,NA,2009,1540,84,"/home/danilo/Documentos/Doutorado/artigo_mestrado/paisagens_atualizadas/ref1340_NA_2177.tif",0.0999999999999999,"laplace","2",1540,2.54823595718813,8.37885203590421,0.294101375,0.00818536
"1340","2177","/home/danilo/Documentos/Doutorado/artigo_mestrado/1A.P_MOVER/simulacao/ref1340_NA_2177.txt","RSgaur","yes","ok NAB digitado! Checado","precisa","parcelas","RS","contiguous/systematic",5,1,"PBH>=15.0cm",NA,"private",140.96,462,"Atlantic_Forest","FES","FES/FOM","primary/secondary",NA,NA,2009,1540,84,"/home/danilo/Documentos/Doutorado/artigo_mestrado/paisagens_atualizadas/ref1340_NA_2177.tif",0.0999999999999999,"laplace","2",1540,2.54823595718813,8.37885203590421,0.294101375,0.00829445
"1340","2177","/home/danilo/Documentos/Doutorado/artigo_mestrado/1A.P_MOVER/simulacao/ref1340_NA_2177.txt","RSgaur","yes","ok NAB digitado! Checado","precisa","parcelas","RS","contiguous/systematic",5,1,"PBH>=15.0cm",NA,"private",140.96,462,"Atlantic_Forest","FES","FES/FOM","primary/secondary",NA,NA,2009,1540,84,"/home/danilo/Documentos/Doutorado/artigo_mestrado/paisagens_atualizadas/ref1340_NA_2177.tif",0.0999999999999999,"laplace","2",1540,2.54823595718813,8.37885203590421,0.294101375,0.00784796
"1340","2177","/home/danilo/Documentos/Doutorado/artigo_mestrado/1A.P_MOVER/simulacao/ref1340_NA_2177.txt","RSgaur","yes","ok NAB digitado! Checado","precisa","parcelas","RS","contiguous/systematic",5,1,"PBH>=15.0cm",NA,"private",140.96,462,"Atlantic_Forest","FES","FES/FOM","primary/secondary",NA,NA,2009,1540,84,"/home/danilo/Documentos/Doutorado/artigo_mestrado/paisagens_atualizadas/ref1340_NA_2177.tif",0.0999999999999999,"laplace","2",1540,2.54823595718813,8.37885203590421,0.294101375,0.00819405
"1340","2177","/home/danilo/Documentos/Doutorado/artigo_mestrado/1A.P_MOVER/simulacao/ref1340_NA_2177.txt","RSgaur","yes","ok NAB digitado! Checado","precisa","parcelas","RS","contiguous/systematic",5,1,"PBH>=15.0cm",NA,"private",140.96,462,"Atlantic_Forest","FES","FES/FOM","primary/secondary",NA,NA,2009,1540,84,"/home/danilo/Documentos/Doutorado/artigo_mestrado/paisagens_atualizadas/ref1340_NA_2177.tif",0.0999999999999999,"laplace","2",1540,2.54823595718813,8.37885203590421,0.294101375,0.00825064
"1340","2177","/home/danilo/Documentos/Doutorado/artigo_mestrado/1A.P_MOVER/simulacao/ref1340_NA_2177.txt","RSgaur","yes","ok NAB digitado! Checado","precisa","parcelas","RS","contiguous/systematic",5,1,"PBH>=15.0cm",NA,"private",140.96,462,"Atlantic_Forest","FES","FES/FOM","primary/secondary",NA,NA,2009,1540,84,"/home/danilo/Documentos/Doutorado/artigo_mestrado/paisagens_atualizadas/ref1340_NA_2177.tif",0.0999999999999999,"laplace","2",1540,2.54823595718813,8.37885203590421,0.294101375,0.00825967
"1340","2177","/home/danilo/Documentos/Doutorado/artigo_mestrado/1A.P_MOVER/simulacao/ref1340_NA_2177.txt","RSgaur","yes","ok NAB digitado! Checado","precisa","parcelas","RS","contiguous/systematic",5,1,"PBH>=15.0cm",NA,"private",140.96,462,"Atlantic_Forest","FES","FES/FOM","primary/secondary",NA,NA,2009,1540,84,"/home/danilo/Documentos/Doutorado/artigo_mestrado/paisagens_atualizadas/ref1340_NA_2177.tif",0.0999999999999999,"laplace","2",1540,2.54823595718813,8.37885203590421,0.294101375,0.0086722
"1420","2286","/home/danilo/Documentos/Doutorado/artigo_mestrado/1A.P_MOVER/simulacao/ref1420_NA_2286.txt","BAlenc4","yes","ok NAB digitado! Checado","precisa","parcelas","BA","contiguous",103,1.03,"PBH>=15.0cm",152141.87,"UC Protecao Integral",50.02,NA,"Atlantic_Forest","FAl",NA,"secondary",NA,NA,2000,1125,150,"/home/danilo/Documentos/Doutorado/artigo_mestrado/paisagens_atualizadas/ref1420_NA_2286.tif",0.0999999999999999,"laplace","2",1092.23300970874,3.02581485810939,10.0344066286479,0.56625080751632,0.026824
"1420","2286","/home/danilo/Documentos/Doutorado/artigo_mestrado/1A.P_MOVER/simulacao/ref1420_NA_2286.txt","BAlenc4","yes","ok NAB digitado! Checado","precisa","parcelas","BA","contiguous",103,1.03,"PBH>=15.0cm",152141.87,"UC Protecao Integral",50.02,NA,"Atlantic_Forest","FAl",NA,"secondary",NA,NA,2000,1125,150,"/home/danilo/Documentos/Doutorado/artigo_mestrado/paisagens_atualizadas/ref1420_NA_2286.tif",0.0999999999999999,"laplace","2",1092.23300970874,3.02581485810939,10.0344066286479,0.56625080751632,0.0269597
"1420","2286","/home/danilo/Documentos/Doutorado/artigo_mestrado/1A.P_MOVER/simulacao/ref1420_NA_2286.txt","BAlenc4","yes","ok NAB digitado! Checado","precisa","parcelas","BA","contiguous",103,1.03,"PBH>=15.0cm",152141.87,"UC Protecao Integral",50.02,NA,"Atlantic_Forest","FAl",NA,"secondary",NA,NA,2000,1125,150,"/home/danilo/Documentos/Doutorado/artigo_mestrado/paisagens_atualizadas/ref1420_NA_2286.tif",0.0999999999999999,"laplace","2",1092.23300970874,3.02581485810939,10.0344066286479,0.56625080751632,0.0290715
"1420","2286","/home/danilo/Documentos/Doutorado/artigo_mestrado/1A.P_MOVER/simulacao/ref1420_NA_2286.txt","BAlenc4","yes","ok NAB digitado! Checado","precisa","parcelas","BA","contiguous",103,1.03,"PBH>=15.0cm",152141.87,"UC Protecao Integral",50.02,NA,"Atlantic_Forest","FAl",NA,"secondary",NA,NA,2000,1125,150,"/home/danilo/Documentos/Doutorado/artigo_mestrado/paisagens_atualizadas/ref1420_NA_2286.tif",0.0999999999999999,"laplace","2",1092.23300970874,3.02581485810939,10.0344066286479,0.56625080751632,0.0276086
"1420","2286","/home/danilo/Documentos/Doutorado/artigo_mestrado/1A.P_MOVER/simulacao/ref1420_NA_2286.txt","BAlenc4","yes","ok NAB digitado! Checado","precisa","parcelas","BA","contiguous",103,1.03,"PBH>=15.0cm",152141.87,"UC Protecao Integral",50.02,NA,"Atlantic_Forest","FAl",NA,"secondary",NA,NA,2000,1125,150,"/home/danilo/Documentos/Doutorado/artigo_mestrado/paisagens_atualizadas/ref1420_NA_2286.tif",0.0999999999999999,"laplace","2",1092.23300970874,3.02581485810939,10.0344066286479,0.56625080751632,0.0282221
"1420","2286","/home/danilo/Documentos/Doutorado/artigo_mestrado/1A.P_MOVER/simulacao/ref1420_NA_2286.txt","BAlenc4","yes","ok NAB digitado! Checado","precisa","parcelas","BA","contiguous",103,1.03,"PBH>=15.0cm",152141.87,"UC Protecao Integral",50.02,NA,"Atlantic_Forest","FAl",NA,"secondary",NA,NA,2000,1125,150,"/home/danilo/Documentos/Doutorado/artigo_mestrado/paisagens_atualizadas/ref1420_NA_2286.tif",0.0999999999999999,"laplace","2",1092.23300970874,3.02581485810939,10.0344066286479,0.56625080751632,0.0278574
"1420","2286","/home/danilo/Documentos/Doutorado/artigo_mestrado/1A.P_MOVER/simulacao/ref1420_NA_2286.txt","BAlenc4","yes","ok NAB digitado! Checado","precisa","parcelas","BA","contiguous",103,1.03,"PBH>=15.0cm",152141.87,"UC Protecao Integral",50.02,NA,"Atlantic_Forest","FAl",NA,"secondary",NA,NA,2000,1125,150,"/home/danilo/Documentos/Doutorado/artigo_mestrado/paisagens_atualizadas/ref1420_NA_2286.tif",0.0999999999999999,"laplace","2",1092.23300970874,3.02581485810939,10.0344066286479,0.56625080751632,0.0279485
"1420","2286","/home/danilo/Documentos/Doutorado/artigo_mestrado/1A.P_MOVER/simulacao/ref1420_NA_2286.txt","BAlenc4","yes","ok NAB digitado! Checado","precisa","parcelas","BA","contiguous",103,1.03,"PBH>=15.0cm",152141.87,"UC Protecao Integral",50.02,NA,"Atlantic_Forest","FAl",NA,"secondary",NA,NA,2000,1125,150,"/home/danilo/Documentos/Doutorado/artigo_mestrado/paisagens_atualizadas/ref1420_NA_2286.tif",0.0999999999999999,"laplace","2",1092.23300970874,3.02581485810939,10.0344066286479,0.56625080751632,0.0269405
"1420","2286","/home/danilo/Documentos/Doutorado/artigo_mestrado/1A.P_MOVER/simulacao/ref1420_NA_2286.txt","BAlenc4","yes","ok NAB digitado! Checado","precisa","parcelas","BA","contiguous",103,1.03,"PBH>=15.0cm",152141.87,"UC Protecao Integral",50.02,NA,"Atlantic_Forest","FAl",NA,"secondary",NA,NA,2000,1125,150,"/home/danilo/Documentos/Doutorado/artigo_mestrado/paisagens_atualizadas/ref1420_NA_2286.tif",0.0999999999999999,"laplace","2",1092.23300970874,3.02581485810939,10.0344066286479,0.56625080751632,0.0272295
"1420","2286","/home/danilo/Documentos/Doutorado/artigo_mestrado/1A.P_MOVER/simulacao/ref1420_NA_2286.txt","BAlenc4","yes","ok NAB digitado! Checado","precisa","parcelas","BA","contiguous",103,1.03,"PBH>=15.0cm",152141.87,"UC Protecao Integral",50.02,NA,"Atlantic_Forest","FAl",NA,"secondary",NA,NA,2000,1125,150,"/home/danilo/Documentos/Doutorado/artigo_mestrado/paisagens_atualizadas/ref1420_NA_2286.tif",0.0999999999999999,"laplace","2",1092.23300970874,3.02581485810939,10.0344066286479,0.56625080751632,0.0270101
"1425","2296","/home/danilo/Documentos/Doutorado/artigo_mestrado/1A.P_MOVER/simulacao/ref1425_NA_2296.txt","BAuruc","yes","ok NAB digitado! Checado","boa","parcelas","BA","contiguous",50,1,"DBH>=5.0cm",14925,"private_in_APA",1000,1000,"Atlantic_Forest","FOD","FODSm","primary",100,"2008",2008,2530,458,"/home/danilo/Documentos/Doutorado/artigo_mestrado/paisagens_atualizadas/ref1425_NA_2296.tif",0.0999999999999999,"laplace","2",2530,1.98810693121886,6.62942405042392,0.960983076608556,0.0297312
"1425","2296","/home/danilo/Documentos/Doutorado/artigo_mestrado/1A.P_MOVER/simulacao/ref1425_NA_2296.txt","BAuruc","yes","ok NAB digitado! Checado","boa","parcelas","BA","contiguous",50,1,"DBH>=5.0cm",14925,"private_in_APA",1000,1000,"Atlantic_Forest","FOD","FODSm","primary",100,"2008",2008,2530,458,"/home/danilo/Documentos/Doutorado/artigo_mestrado/paisagens_atualizadas/ref1425_NA_2296.tif",0.0999999999999999,"laplace","2",2530,1.98810693121886,6.62942405042392,0.960983076608556,0.0311107
"1425","2296","/home/danilo/Documentos/Doutorado/artigo_mestrado/1A.P_MOVER/simulacao/ref1425_NA_2296.txt","BAuruc","yes","ok NAB digitado! Checado","boa","parcelas","BA","contiguous",50,1,"DBH>=5.0cm",14925,"private_in_APA",1000,1000,"Atlantic_Forest","FOD","FODSm","primary",100,"2008",2008,2530,458,"/home/danilo/Documentos/Doutorado/artigo_mestrado/paisagens_atualizadas/ref1425_NA_2296.tif",0.0999999999999999,"laplace","2",2530,1.98810693121886,6.62942405042392,0.960983076608556,0.0328558
"1425","2296","/home/danilo/Documentos/Doutorado/artigo_mestrado/1A.P_MOVER/simulacao/ref1425_NA_2296.txt","BAuruc","yes","ok NAB digitado! Checado","boa","parcelas","BA","contiguous",50,1,"DBH>=5.0cm",14925,"private_in_APA",1000,1000,"Atlantic_Forest","FOD","FODSm","primary",100,"2008",2008,2530,458,"/home/danilo/Documentos/Doutorado/artigo_mestrado/paisagens_atualizadas/ref1425_NA_2296.tif",0.0999999999999999,"laplace","2",2530,1.98810693121886,6.62942405042392,0.960983076608556,0.0314947
"1425","2296","/home/danilo/Documentos/Doutorado/artigo_mestrado/1A.P_MOVER/simulacao/ref1425_NA_2296.txt","BAuruc","yes","ok NAB digitado! Checado","boa","parcelas","BA","contiguous",50,1,"DBH>=5.0cm",14925,"private_in_APA",1000,1000,"Atlantic_Forest","FOD","FODSm","primary",100,"2008",2008,2530,458,"/home/danilo/Documentos/Doutorado/artigo_mestrado/paisagens_atualizadas/ref1425_NA_2296.tif",0.0999999999999999,"laplace","2",2530,1.98810693121886,6.62942405042392,0.960983076608556,0.0303435
"1425","2296","/home/danilo/Documentos/Doutorado/artigo_mestrado/1A.P_MOVER/simulacao/ref1425_NA_2296.txt","BAuruc","yes","ok NAB digitado! Checado","boa","parcelas","BA","contiguous",50,1,"DBH>=5.0cm",14925,"private_in_APA",1000,1000,"Atlantic_Forest","FOD","FODSm","primary",100,"2008",2008,2530,458,"/home/danilo/Documentos/Doutorado/artigo_mestrado/paisagens_atualizadas/ref1425_NA_2296.tif",0.0999999999999999,"laplace","2",2530,1.98810693121886,6.62942405042392,0.960983076608556,0.0301696
"1425","2296","/home/danilo/Documentos/Doutorado/artigo_mestrado/1A.P_MOVER/simulacao/ref1425_NA_2296.txt","BAuruc","yes","ok NAB digitado! Checado","boa","parcelas","BA","contiguous",50,1,"DBH>=5.0cm",14925,"private_in_APA",1000,1000,"Atlantic_Forest","FOD","FODSm","primary",100,"2008",2008,2530,458,"/home/danilo/Documentos/Doutorado/artigo_mestrado/paisagens_atualizadas/ref1425_NA_2296.tif",0.0999999999999999,"laplace","2",2530,1.98810693121886,6.62942405042392,0.960983076608556,0.0310038
"1425","2296","/home/danilo/Documentos/Doutorado/artigo_mestrado/1A.P_MOVER/simulacao/ref1425_NA_2296.txt","BAuruc","yes","ok NAB digitado! Checado","boa","parcelas","BA","contiguous",50,1,"DBH>=5.0cm",14925,"private_in_APA",1000,1000,"Atlantic_Forest","FOD","FODSm","primary",100,"2008",2008,2530,458,"/home/danilo/Documentos/Doutorado/artigo_mestrado/paisagens_atualizadas/ref1425_NA_2296.tif",0.0999999999999999,"laplace","2",2530,1.98810693121886,6.62942405042392,0.960983076608556,0.0311159
"1425","2296","/home/danilo/Documentos/Doutorado/artigo_mestrado/1A.P_MOVER/simulacao/ref1425_NA_2296.txt","BAuruc","yes","ok NAB digitado! Checado","boa","parcelas","BA","contiguous",50,1,"DBH>=5.0cm",14925,"private_in_APA",1000,1000,"Atlantic_Forest","FOD","FODSm","primary",100,"2008",2008,2530,458,"/home/danilo/Documentos/Doutorado/artigo_mestrado/paisagens_atualizadas/ref1425_NA_2296.tif",0.0999999999999999,"laplace","2",2530,1.98810693121886,6.62942405042392,0.960983076608556,0.0309027
"1425","2296","/home/danilo/Documentos/Doutorado/artigo_mestrado/1A.P_MOVER/simulacao/ref1425_NA_2296.txt","BAuruc","yes","ok NAB digitado! Checado","boa","parcelas","BA","contiguous",50,1,"DBH>=5.0cm",14925,"private_in_APA",1000,1000,"Atlantic_Forest","FOD","FODSm","primary",100,"2008",2008,2530,458,"/home/danilo/Documentos/Doutorado/artigo_mestrado/paisagens_atualizadas/ref1425_NA_2296.tif",0.0999999999999999,"laplace","2",2530,1.98810693121886,6.62942405042392,0.960983076608556,0.0310403
"1426","2297","/home/danilo/Documentos/Doutorado/artigo_mestrado/1A.P_MOVER/simulacao/ref1426_NA_2297.txt","BAjuss","yes","ok NAB digitado! Checado","boa","parcelas","BA","contiguous",50,1,"DBH>=5.0cm",200,"UC Uso Sustentavel",2350,200,"Atlantic_Forest","Contato FOD/FES",NA,"primary",NA,"2009",2009,1400,265,"/home/danilo/Documentos/Doutorado/artigo_mestrado/paisagens_atualizadas/ref1426_NA_2297.tif",0.0999999999999999,"laplace","2",1400,2.67261241912424,8.87251585481566,0.792693768356528,0.0186867
"1426","2297","/home/danilo/Documentos/Doutorado/artigo_mestrado/1A.P_MOVER/simulacao/ref1426_NA_2297.txt","BAjuss","yes","ok NAB digitado! Checado","boa","parcelas","BA","contiguous",50,1,"DBH>=5.0cm",200,"UC Uso Sustentavel",2350,200,"Atlantic_Forest","Contato FOD/FES",NA,"primary",NA,"2009",2009,1400,265,"/home/danilo/Documentos/Doutorado/artigo_mestrado/paisagens_atualizadas/ref1426_NA_2297.tif",0.0999999999999999,"laplace","2",1400,2.67261241912424,8.87251585481566,0.792693768356528,0.0180654
"1426","2297","/home/danilo/Documentos/Doutorado/artigo_mestrado/1A.P_MOVER/simulacao/ref1426_NA_2297.txt","BAjuss","yes","ok NAB digitado! Checado","boa","parcelas","BA","contiguous",50,1,"DBH>=5.0cm",200,"UC Uso Sustentavel",2350,200,"Atlantic_Forest","Contato FOD/FES",NA,"primary",NA,"2009",2009,1400,265,"/home/danilo/Documentos/Doutorado/artigo_mestrado/paisagens_atualizadas/ref1426_NA_2297.tif",0.0999999999999999,"laplace","2",1400,2.67261241912424,8.87251585481566,0.792693768356528,0.0163689
"1426","2297","/home/danilo/Documentos/Doutorado/artigo_mestrado/1A.P_MOVER/simulacao/ref1426_NA_2297.txt","BAjuss","yes","ok NAB digitado! Checado","boa","parcelas","BA","contiguous",50,1,"DBH>=5.0cm",200,"UC Uso Sustentavel",2350,200,"Atlantic_Forest","Contato FOD/FES",NA,"primary",NA,"2009",2009,1400,265,"/home/danilo/Documentos/Doutorado/artigo_mestrado/paisagens_atualizadas/ref1426_NA_2297.tif",0.0999999999999999,"laplace","2",1400,2.67261241912424,8.87251585481566,0.792693768356528,0.0163689
"1426","2297","/home/danilo/Documentos/Doutorado/artigo_mestrado/1A.P_MOVER/simulacao/ref1426_NA_2297.txt","BAjuss","yes","ok NAB digitado! Checado","boa","parcelas","BA","contiguous",50,1,"DBH>=5.0cm",200,"UC Uso Sustentavel",2350,200,"Atlantic_Forest","Contato FOD/FES",NA,"primary",NA,"2009",2009,1400,265,"/home/danilo/Documentos/Doutorado/artigo_mestrado/paisagens_atualizadas/ref1426_NA_2297.tif",0.0999999999999999,"laplace","2",1400,2.67261241912424,8.87251585481566,0.792693768356528,0.0172841
"1426","2297","/home/danilo/Documentos/Doutorado/artigo_mestrado/1A.P_MOVER/simulacao/ref1426_NA_2297.txt","BAjuss","yes","ok NAB digitado! Checado","boa","parcelas","BA","contiguous",50,1,"DBH>=5.0cm",200,"UC Uso Sustentavel",2350,200,"Atlantic_Forest","Contato FOD/FES",NA,"primary",NA,"2009",2009,1400,265,"/home/danilo/Documentos/Doutorado/artigo_mestrado/paisagens_atualizadas/ref1426_NA_2297.tif",0.0999999999999999,"laplace","2",1400,2.67261241912424,8.87251585481566,0.792693768356528,0.0184232
"1426","2297","/home/danilo/Documentos/Doutorado/artigo_mestrado/1A.P_MOVER/simulacao/ref1426_NA_2297.txt","BAjuss","yes","ok NAB digitado! Checado","boa","parcelas","BA","contiguous",50,1,"DBH>=5.0cm",200,"UC Uso Sustentavel",2350,200,"Atlantic_Forest","Contato FOD/FES",NA,"primary",NA,"2009",2009,1400,265,"/home/danilo/Documentos/Doutorado/artigo_mestrado/paisagens_atualizadas/ref1426_NA_2297.tif",0.0999999999999999,"laplace","2",1400,2.67261241912424,8.87251585481566,0.792693768356528,0.0197459
"1426","2297","/home/danilo/Documentos/Doutorado/artigo_mestrado/1A.P_MOVER/simulacao/ref1426_NA_2297.txt","BAjuss","yes","ok NAB digitado! Checado","boa","parcelas","BA","contiguous",50,1,"DBH>=5.0cm",200,"UC Uso Sustentavel",2350,200,"Atlantic_Forest","Contato FOD/FES",NA,"primary",NA,"2009",2009,1400,265,"/home/danilo/Documentos/Doutorado/artigo_mestrado/paisagens_atualizadas/ref1426_NA_2297.tif",0.0999999999999999,"laplace","2",1400,2.67261241912424,8.87251585481566,0.792693768356528,0.0184668
"1426","2297","/home/danilo/Documentos/Doutorado/artigo_mestrado/1A.P_MOVER/simulacao/ref1426_NA_2297.txt","BAjuss","yes","ok NAB digitado! Checado","boa","parcelas","BA","contiguous",50,1,"DBH>=5.0cm",200,"UC Uso Sustentavel",2350,200,"Atlantic_Forest","Contato FOD/FES",NA,"primary",NA,"2009",2009,1400,265,"/home/danilo/Documentos/Doutorado/artigo_mestrado/paisagens_atualizadas/ref1426_NA_2297.tif",0.0999999999999999,"laplace","2",1400,2.67261241912424,8.87251585481566,0.792693768356528,0.0165255
"1426","2297","/home/danilo/Documentos/Doutorado/artigo_mestrado/1A.P_MOVER/simulacao/ref1426_NA_2297.txt","BAjuss","yes","ok NAB digitado! Checado","boa","parcelas","BA","contiguous",50,1,"DBH>=5.0cm",200,"UC Uso Sustentavel",2350,200,"Atlantic_Forest","Contato FOD/FES",NA,"primary",NA,"2009",2009,1400,265,"/home/danilo/Documentos/Doutorado/artigo_mestrado/paisagens_atualizadas/ref1426_NA_2297.tif",0.0999999999999999,"laplace","2",1400,2.67261241912424,8.87251585481566,0.792693768356528,0.0192778
"1496","2392","/home/danilo/Documentos/Doutorado/artigo_mestrado/1A.P_MOVER/simulacao/ref1496_NA_2392.txt","PEsvfer","yes","ok NAB digitado! Checado","boa","parcelas","PE","contiguous",50,1,"DBH>=5.0cm",NA,"private",71,NA,"Atlantic_Forest","FOD","FODSm","primary",NA,NA,2008,1390,120,"/home/danilo/Documentos/Doutorado/artigo_mestrado/paisagens_atualizadas/ref1496_NA_2392.tif",0.0999999999999999,"laplace","2",1390,2.6822089039291,8.8573505226608,0.709794252077562,0.00476692
"1496","2392","/home/danilo/Documentos/Doutorado/artigo_mestrado/1A.P_MOVER/simulacao/ref1496_NA_2392.txt","PEsvfer","yes","ok NAB digitado! Checado","boa","parcelas","PE","contiguous",50,1,"DBH>=5.0cm",NA,"private",71,NA,"Atlantic_Forest","FOD","FODSm","primary",NA,NA,2008,1390,120,"/home/danilo/Documentos/Doutorado/artigo_mestrado/paisagens_atualizadas/ref1496_NA_2392.tif",0.0999999999999999,"laplace","2",1390,2.6822089039291,8.8573505226608,0.709794252077562,0.00525257
"1496","2392","/home/danilo/Documentos/Doutorado/artigo_mestrado/1A.P_MOVER/simulacao/ref1496_NA_2392.txt","PEsvfer","yes","ok NAB digitado! Checado","boa","parcelas","PE","contiguous",50,1,"DBH>=5.0cm",NA,"private",71,NA,"Atlantic_Forest","FOD","FODSm","primary",NA,NA,2008,1390,120,"/home/danilo/Documentos/Doutorado/artigo_mestrado/paisagens_atualizadas/ref1496_NA_2392.tif",0.0999999999999999,"laplace","2",1390,2.6822089039291,8.8573505226608,0.709794252077562,0.00593692
"1496","2392","/home/danilo/Documentos/Doutorado/artigo_mestrado/1A.P_MOVER/simulacao/ref1496_NA_2392.txt","PEsvfer","yes","ok NAB digitado! Checado","boa","parcelas","PE","contiguous",50,1,"DBH>=5.0cm",NA,"private",71,NA,"Atlantic_Forest","FOD","FODSm","primary",NA,NA,2008,1390,120,"/home/danilo/Documentos/Doutorado/artigo_mestrado/paisagens_atualizadas/ref1496_NA_2392.tif",0.0999999999999999,"laplace","2",1390,2.6822089039291,8.8573505226608,0.709794252077562,0.00519833
"1496","2392","/home/danilo/Documentos/Doutorado/artigo_mestrado/1A.P_MOVER/simulacao/ref1496_NA_2392.txt","PEsvfer","yes","ok NAB digitado! Checado","boa","parcelas","PE","contiguous",50,1,"DBH>=5.0cm",NA,"private",71,NA,"Atlantic_Forest","FOD","FODSm","primary",NA,NA,2008,1390,120,"/home/danilo/Documentos/Doutorado/artigo_mestrado/paisagens_atualizadas/ref1496_NA_2392.tif",0.0999999999999999,"laplace","2",1390,2.6822089039291,8.8573505226608,0.709794252077562,0.00489638
"1496","2392","/home/danilo/Documentos/Doutorado/artigo_mestrado/1A.P_MOVER/simulacao/ref1496_NA_2392.txt","PEsvfer","yes","ok NAB digitado! Checado","boa","parcelas","PE","contiguous",50,1,"DBH>=5.0cm",NA,"private",71,NA,"Atlantic_Forest","FOD","FODSm","primary",NA,NA,2008,1390,120,"/home/danilo/Documentos/Doutorado/artigo_mestrado/paisagens_atualizadas/ref1496_NA_2392.tif",0.0999999999999999,"laplace","2",1390,2.6822089039291,8.8573505226608,0.709794252077562,0.0051563
"1496","2392","/home/danilo/Documentos/Doutorado/artigo_mestrado/1A.P_MOVER/simulacao/ref1496_NA_2392.txt","PEsvfer","yes","ok NAB digitado! Checado","boa","parcelas","PE","contiguous",50,1,"DBH>=5.0cm",NA,"private",71,NA,"Atlantic_Forest","FOD","FODSm","primary",NA,NA,2008,1390,120,"/home/danilo/Documentos/Doutorado/artigo_mestrado/paisagens_atualizadas/ref1496_NA_2392.tif",0.0999999999999999,"laplace","2",1390,2.6822089039291,8.8573505226608,0.709794252077562,0.00529734
"1496","2392","/home/danilo/Documentos/Doutorado/artigo_mestrado/1A.P_MOVER/simulacao/ref1496_NA_2392.txt","PEsvfer","yes","ok NAB digitado! Checado","boa","parcelas","PE","contiguous",50,1,"DBH>=5.0cm",NA,"private",71,NA,"Atlantic_Forest","FOD","FODSm","primary",NA,NA,2008,1390,120,"/home/danilo/Documentos/Doutorado/artigo_mestrado/paisagens_atualizadas/ref1496_NA_2392.tif",0.0999999999999999,"laplace","2",1390,2.6822089039291,8.8573505226608,0.709794252077562,0.00527256
"1496","2392","/home/danilo/Documentos/Doutorado/artigo_mestrado/1A.P_MOVER/simulacao/ref1496_NA_2392.txt","PEsvfer","yes","ok NAB digitado! Checado","boa","parcelas","PE","contiguous",50,1,"DBH>=5.0cm",NA,"private",71,NA,"Atlantic_Forest","FOD","FODSm","primary",NA,NA,2008,1390,120,"/home/danilo/Documentos/Doutorado/artigo_mestrado/paisagens_atualizadas/ref1496_NA_2392.tif",0.0999999999999999,"laplace","2",1390,2.6822089039291,8.8573505226608,0.709794252077562,0.00464555
"1496","2392","/home/danilo/Documentos/Doutorado/artigo_mestrado/1A.P_MOVER/simulacao/ref1496_NA_2392.txt","PEsvfer","yes","ok NAB digitado! Checado","boa","parcelas","PE","contiguous",50,1,"DBH>=5.0cm",NA,"private",71,NA,"Atlantic_Forest","FOD","FODSm","primary",NA,NA,2008,1390,120,"/home/danilo/Documentos/Doutorado/artigo_mestrado/paisagens_atualizadas/ref1496_NA_2392.tif",0.0999999999999999,"laplace","2",1390,2.6822089039291,8.8573505226608,0.709794252077562,0.00515807
"1496","2393","/home/danilo/Documentos/Doutorado/artigo_mestrado/1A.P_MOVER/simulacao/ref1496_NA_2393.txt","PEalia","yes","ok NAB digitado! Checado","boa","parcelas","PE","contiguous",50,1,"DBH>=5.0cm",NA,"private",229.29,NA,"Atlantic_Forest","FES","FESSm","primary",NA,NA,2008,649,79,"/home/danilo/Documentos/Doutorado/artigo_mestrado/paisagens_atualizadas/ref1496_NA_2393.tif",0.0999999999999999,"laplace","2",649,3.9253433598943,13.0010813017961,0.695093910033452,0.00573242
"1496","2393","/home/danilo/Documentos/Doutorado/artigo_mestrado/1A.P_MOVER/simulacao/ref1496_NA_2393.txt","PEalia","yes","ok NAB digitado! Checado","boa","parcelas","PE","contiguous",50,1,"DBH>=5.0cm",NA,"private",229.29,NA,"Atlantic_Forest","FES","FESSm","primary",NA,NA,2008,649,79,"/home/danilo/Documentos/Doutorado/artigo_mestrado/paisagens_atualizadas/ref1496_NA_2393.tif",0.0999999999999999,"laplace","2",649,3.9253433598943,13.0010813017961,0.695093910033452,0.00689089
"1496","2393","/home/danilo/Documentos/Doutorado/artigo_mestrado/1A.P_MOVER/simulacao/ref1496_NA_2393.txt","PEalia","yes","ok NAB digitado! Checado","boa","parcelas","PE","contiguous",50,1,"DBH>=5.0cm",NA,"private",229.29,NA,"Atlantic_Forest","FES","FESSm","primary",NA,NA,2008,649,79,"/home/danilo/Documentos/Doutorado/artigo_mestrado/paisagens_atualizadas/ref1496_NA_2393.tif",0.0999999999999999,"laplace","2",649,3.9253433598943,13.0010813017961,0.695093910033452,0.00556053
"1496","2393","/home/danilo/Documentos/Doutorado/artigo_mestrado/1A.P_MOVER/simulacao/ref1496_NA_2393.txt","PEalia","yes","ok NAB digitado! Checado","boa","parcelas","PE","contiguous",50,1,"DBH>=5.0cm",NA,"private",229.29,NA,"Atlantic_Forest","FES","FESSm","primary",NA,NA,2008,649,79,"/home/danilo/Documentos/Doutorado/artigo_mestrado/paisagens_atualizadas/ref1496_NA_2393.tif",0.0999999999999999,"laplace","2",649,3.9253433598943,13.0010813017961,0.695093910033452,0.00590421
"1496","2393","/home/danilo/Documentos/Doutorado/artigo_mestrado/1A.P_MOVER/simulacao/ref1496_NA_2393.txt","PEalia","yes","ok NAB digitado! Checado","boa","parcelas","PE","contiguous",50,1,"DBH>=5.0cm",NA,"private",229.29,NA,"Atlantic_Forest","FES","FESSm","primary",NA,NA,2008,649,79,"/home/danilo/Documentos/Doutorado/artigo_mestrado/paisagens_atualizadas/ref1496_NA_2393.tif",0.0999999999999999,"laplace","2",649,3.9253433598943,13.0010813017961,0.695093910033452,0.00599878
"1496","2393","/home/danilo/Documentos/Doutorado/artigo_mestrado/1A.P_MOVER/simulacao/ref1496_NA_2393.txt","PEalia","yes","ok NAB digitado! Checado","boa","parcelas","PE","contiguous",50,1,"DBH>=5.0cm",NA,"private",229.29,NA,"Atlantic_Forest","FES","FESSm","primary",NA,NA,2008,649,79,"/home/danilo/Documentos/Doutorado/artigo_mestrado/paisagens_atualizadas/ref1496_NA_2393.tif",0.0999999999999999,"laplace","2",649,3.9253433598943,13.0010813017961,0.695093910033452,0.0057378
"1496","2393","/home/danilo/Documentos/Doutorado/artigo_mestrado/1A.P_MOVER/simulacao/ref1496_NA_2393.txt","PEalia","yes","ok NAB digitado! Checado","boa","parcelas","PE","contiguous",50,1,"DBH>=5.0cm",NA,"private",229.29,NA,"Atlantic_Forest","FES","FESSm","primary",NA,NA,2008,649,79,"/home/danilo/Documentos/Doutorado/artigo_mestrado/paisagens_atualizadas/ref1496_NA_2393.tif",0.0999999999999999,"laplace","2",649,3.9253433598943,13.0010813017961,0.695093910033452,0.00582012
"1496","2393","/home/danilo/Documentos/Doutorado/artigo_mestrado/1A.P_MOVER/simulacao/ref1496_NA_2393.txt","PEalia","yes","ok NAB digitado! Checado","boa","parcelas","PE","contiguous",50,1,"DBH>=5.0cm",NA,"private",229.29,NA,"Atlantic_Forest","FES","FESSm","primary",NA,NA,2008,649,79,"/home/danilo/Documentos/Doutorado/artigo_mestrado/paisagens_atualizadas/ref1496_NA_2393.tif",0.0999999999999999,"laplace","2",649,3.9253433598943,13.0010813017961,0.695093910033452,0.00520939
"1496","2393","/home/danilo/Documentos/Doutorado/artigo_mestrado/1A.P_MOVER/simulacao/ref1496_NA_2393.txt","PEalia","yes","ok NAB digitado! Checado","boa","parcelas","PE","contiguous",50,1,"DBH>=5.0cm",NA,"private",229.29,NA,"Atlantic_Forest","FES","FESSm","primary",NA,NA,2008,649,79,"/home/danilo/Documentos/Doutorado/artigo_mestrado/paisagens_atualizadas/ref1496_NA_2393.tif",0.0999999999999999,"laplace","2",649,3.9253433598943,13.0010813017961,0.695093910033452,0.00646378
"1496","2393","/home/danilo/Documentos/Doutorado/artigo_mestrado/1A.P_MOVER/simulacao/ref1496_NA_2393.txt","PEalia","yes","ok NAB digitado! Checado","boa","parcelas","PE","contiguous",50,1,"DBH>=5.0cm",NA,"private",229.29,NA,"Atlantic_Forest","FES","FESSm","primary",NA,NA,2008,649,79,"/home/danilo/Documentos/Doutorado/artigo_mestrado/paisagens_atualizadas/ref1496_NA_2393.tif",0.0999999999999999,"laplace","2",649,3.9253433598943,13.0010813017961,0.695093910033452,0.00556326
"1501","2398","/home/danilo/Documentos/Doutorado/artigo_mestrado/1A.P_MOVER/simulacao/ref1501_NA_2398.txt","PEcabo2","yes","ok NAB digitado! Checado","precisa","parcelas","PE","contiguous",50,1,"DBH>=5.0cm",288.9860617,"UC Protecao Integral",162.5,162.5,"Atlantic_Forest","FOD","FODTB","primary/secondary",NA,"1997",1997,1575,81,"/home/danilo/Documentos/Doutorado/artigo_mestrado/paisagens_atualizadas/ref1501_NA_2398.tif",0.0999999999999999,"laplace","2",1575,2.51976315339485,8.3525812972331,0.818705936459576,0.00394373
"1501","2398","/home/danilo/Documentos/Doutorado/artigo_mestrado/1A.P_MOVER/simulacao/ref1501_NA_2398.txt","PEcabo2","yes","ok NAB digitado! Checado","precisa","parcelas","PE","contiguous",50,1,"DBH>=5.0cm",288.9860617,"UC Protecao Integral",162.5,162.5,"Atlantic_Forest","FOD","FODTB","primary/secondary",NA,"1997",1997,1575,81,"/home/danilo/Documentos/Doutorado/artigo_mestrado/paisagens_atualizadas/ref1501_NA_2398.tif",0.0999999999999999,"laplace","2",1575,2.51976315339485,8.3525812972331,0.818705936459576,0.00412128
"1501","2398","/home/danilo/Documentos/Doutorado/artigo_mestrado/1A.P_MOVER/simulacao/ref1501_NA_2398.txt","PEcabo2","yes","ok NAB digitado! Checado","precisa","parcelas","PE","contiguous",50,1,"DBH>=5.0cm",288.9860617,"UC Protecao Integral",162.5,162.5,"Atlantic_Forest","FOD","FODTB","primary/secondary",NA,"1997",1997,1575,81,"/home/danilo/Documentos/Doutorado/artigo_mestrado/paisagens_atualizadas/ref1501_NA_2398.tif",0.0999999999999999,"laplace","2",1575,2.51976315339485,8.3525812972331,0.818705936459576,0.00427022
"1501","2398","/home/danilo/Documentos/Doutorado/artigo_mestrado/1A.P_MOVER/simulacao/ref1501_NA_2398.txt","PEcabo2","yes","ok NAB digitado! Checado","precisa","parcelas","PE","contiguous",50,1,"DBH>=5.0cm",288.9860617,"UC Protecao Integral",162.5,162.5,"Atlantic_Forest","FOD","FODTB","primary/secondary",NA,"1997",1997,1575,81,"/home/danilo/Documentos/Doutorado/artigo_mestrado/paisagens_atualizadas/ref1501_NA_2398.tif",0.0999999999999999,"laplace","2",1575,2.51976315339485,8.3525812972331,0.818705936459576,0.00468517
"1501","2398","/home/danilo/Documentos/Doutorado/artigo_mestrado/1A.P_MOVER/simulacao/ref1501_NA_2398.txt","PEcabo2","yes","ok NAB digitado! Checado","precisa","parcelas","PE","contiguous",50,1,"DBH>=5.0cm",288.9860617,"UC Protecao Integral",162.5,162.5,"Atlantic_Forest","FOD","FODTB","primary/secondary",NA,"1997",1997,1575,81,"/home/danilo/Documentos/Doutorado/artigo_mestrado/paisagens_atualizadas/ref1501_NA_2398.tif",0.0999999999999999,"laplace","2",1575,2.51976315339485,8.3525812972331,0.818705936459576,0.00424671
"1501","2398","/home/danilo/Documentos/Doutorado/artigo_mestrado/1A.P_MOVER/simulacao/ref1501_NA_2398.txt","PEcabo2","yes","ok NAB digitado! Checado","precisa","parcelas","PE","contiguous",50,1,"DBH>=5.0cm",288.9860617,"UC Protecao Integral",162.5,162.5,"Atlantic_Forest","FOD","FODTB","primary/secondary",NA,"1997",1997,1575,81,"/home/danilo/Documentos/Doutorado/artigo_mestrado/paisagens_atualizadas/ref1501_NA_2398.tif",0.0999999999999999,"laplace","2",1575,2.51976315339485,8.3525812972331,0.818705936459576,0.00403685
"1501","2398","/home/danilo/Documentos/Doutorado/artigo_mestrado/1A.P_MOVER/simulacao/ref1501_NA_2398.txt","PEcabo2","yes","ok NAB digitado! Checado","precisa","parcelas","PE","contiguous",50,1,"DBH>=5.0cm",288.9860617,"UC Protecao Integral",162.5,162.5,"Atlantic_Forest","FOD","FODTB","primary/secondary",NA,"1997",1997,1575,81,"/home/danilo/Documentos/Doutorado/artigo_mestrado/paisagens_atualizadas/ref1501_NA_2398.tif",0.0999999999999999,"laplace","2",1575,2.51976315339485,8.3525812972331,0.818705936459576,0.00431534
"1501","2398","/home/danilo/Documentos/Doutorado/artigo_mestrado/1A.P_MOVER/simulacao/ref1501_NA_2398.txt","PEcabo2","yes","ok NAB digitado! Checado","precisa","parcelas","PE","contiguous",50,1,"DBH>=5.0cm",288.9860617,"UC Protecao Integral",162.5,162.5,"Atlantic_Forest","FOD","FODTB","primary/secondary",NA,"1997",1997,1575,81,"/home/danilo/Documentos/Doutorado/artigo_mestrado/paisagens_atualizadas/ref1501_NA_2398.tif",0.0999999999999999,"laplace","2",1575,2.51976315339485,8.3525812972331,0.818705936459576,0.0046712
"1501","2398","/home/danilo/Documentos/Doutorado/artigo_mestrado/1A.P_MOVER/simulacao/ref1501_NA_2398.txt","PEcabo2","yes","ok NAB digitado! Checado","precisa","parcelas","PE","contiguous",50,1,"DBH>=5.0cm",288.9860617,"UC Protecao Integral",162.5,162.5,"Atlantic_Forest","FOD","FODTB","primary/secondary",NA,"1997",1997,1575,81,"/home/danilo/Documentos/Doutorado/artigo_mestrado/paisagens_atualizadas/ref1501_NA_2398.tif",0.0999999999999999,"laplace","2",1575,2.51976315339485,8.3525812972331,0.818705936459576,0.00424766
"1501","2398","/home/danilo/Documentos/Doutorado/artigo_mestrado/1A.P_MOVER/simulacao/ref1501_NA_2398.txt","PEcabo2","yes","ok NAB digitado! Checado","precisa","parcelas","PE","contiguous",50,1,"DBH>=5.0cm",288.9860617,"UC Protecao Integral",162.5,162.5,"Atlantic_Forest","FOD","FODTB","primary/secondary",NA,"1997",1997,1575,81,"/home/danilo/Documentos/Doutorado/artigo_mestrado/paisagens_atualizadas/ref1501_NA_2398.tif",0.0999999999999999,"laplace","2",1575,2.51976315339485,8.3525812972331,0.818705936459576,0.00431145
"1542","2440","/home/danilo/Documentos/Doutorado/artigo_mestrado/1A.P_MOVER/simulacao/ref1542_NA_2440.txt","PEbrejo","yes","ok NAB digitado! Checado","precisa","parcelas","PE","contiguous",50,1,"DBH>=5.0cm",NA,"private",150,150,"Atlantic_Forest","FOA","Brejo de altitude","primary/secondary",NA,"2000",2008,1553,62,"/home/danilo/Documentos/Doutorado/artigo_mestrado/paisagens_atualizadas/ref1542_NA_2440.tif",0.0999999999999999,"laplace","2",1553,2.53754803544598,8.41253519062991,0.614569310205091,0.00223846
"1542","2440","/home/danilo/Documentos/Doutorado/artigo_mestrado/1A.P_MOVER/simulacao/ref1542_NA_2440.txt","PEbrejo","yes","ok NAB digitado! Checado","precisa","parcelas","PE","contiguous",50,1,"DBH>=5.0cm",NA,"private",150,150,"Atlantic_Forest","FOA","Brejo de altitude","primary/secondary",NA,"2000",2008,1553,62,"/home/danilo/Documentos/Doutorado/artigo_mestrado/paisagens_atualizadas/ref1542_NA_2440.tif",0.0999999999999999,"laplace","2",1553,2.53754803544598,8.41253519062991,0.614569310205091,0.00234805
"1542","2440","/home/danilo/Documentos/Doutorado/artigo_mestrado/1A.P_MOVER/simulacao/ref1542_NA_2440.txt","PEbrejo","yes","ok NAB digitado! Checado","precisa","parcelas","PE","contiguous",50,1,"DBH>=5.0cm",NA,"private",150,150,"Atlantic_Forest","FOA","Brejo de altitude","primary/secondary",NA,"2000",2008,1553,62,"/home/danilo/Documentos/Doutorado/artigo_mestrado/paisagens_atualizadas/ref1542_NA_2440.tif",0.0999999999999999,"laplace","2",1553,2.53754803544598,8.41253519062991,0.614569310205091,0.00229843
"1542","2440","/home/danilo/Documentos/Doutorado/artigo_mestrado/1A.P_MOVER/simulacao/ref1542_NA_2440.txt","PEbrejo","yes","ok NAB digitado! Checado","precisa","parcelas","PE","contiguous",50,1,"DBH>=5.0cm",NA,"private",150,150,"Atlantic_Forest","FOA","Brejo de altitude","primary/secondary",NA,"2000",2008,1553,62,"/home/danilo/Documentos/Doutorado/artigo_mestrado/paisagens_atualizadas/ref1542_NA_2440.tif",0.0999999999999999,"laplace","2",1553,2.53754803544598,8.41253519062991,0.614569310205091,0.00226186
"1542","2440","/home/danilo/Documentos/Doutorado/artigo_mestrado/1A.P_MOVER/simulacao/ref1542_NA_2440.txt","PEbrejo","yes","ok NAB digitado! Checado","precisa","parcelas","PE","contiguous",50,1,"DBH>=5.0cm",NA,"private",150,150,"Atlantic_Forest","FOA","Brejo de altitude","primary/secondary",NA,"2000",2008,1553,62,"/home/danilo/Documentos/Doutorado/artigo_mestrado/paisagens_atualizadas/ref1542_NA_2440.tif",0.0999999999999999,"laplace","2",1553,2.53754803544598,8.41253519062991,0.614569310205091,0.00230118
"1542","2440","/home/danilo/Documentos/Doutorado/artigo_mestrado/1A.P_MOVER/simulacao/ref1542_NA_2440.txt","PEbrejo","yes","ok NAB digitado! Checado","precisa","parcelas","PE","contiguous",50,1,"DBH>=5.0cm",NA,"private",150,150,"Atlantic_Forest","FOA","Brejo de altitude","primary/secondary",NA,"2000",2008,1553,62,"/home/danilo/Documentos/Doutorado/artigo_mestrado/paisagens_atualizadas/ref1542_NA_2440.tif",0.0999999999999999,"laplace","2",1553,2.53754803544598,8.41253519062991,0.614569310205091,0.00217101
"1542","2440","/home/danilo/Documentos/Doutorado/artigo_mestrado/1A.P_MOVER/simulacao/ref1542_NA_2440.txt","PEbrejo","yes","ok NAB digitado! Checado","precisa","parcelas","PE","contiguous",50,1,"DBH>=5.0cm",NA,"private",150,150,"Atlantic_Forest","FOA","Brejo de altitude","primary/secondary",NA,"2000",2008,1553,62,"/home/danilo/Documentos/Doutorado/artigo_mestrado/paisagens_atualizadas/ref1542_NA_2440.tif",0.0999999999999999,"laplace","2",1553,2.53754803544598,8.41253519062991,0.614569310205091,0.00230644
"1542","2440","/home/danilo/Documentos/Doutorado/artigo_mestrado/1A.P_MOVER/simulacao/ref1542_NA_2440.txt","PEbrejo","yes","ok NAB digitado! Checado","precisa","parcelas","PE","contiguous",50,1,"DBH>=5.0cm",NA,"private",150,150,"Atlantic_Forest","FOA","Brejo de altitude","primary/secondary",NA,"2000",2008,1553,62,"/home/danilo/Documentos/Doutorado/artigo_mestrado/paisagens_atualizadas/ref1542_NA_2440.tif",0.0999999999999999,"laplace","2",1553,2.53754803544598,8.41253519062991,0.614569310205091,0.00213031
"1542","2440","/home/danilo/Documentos/Doutorado/artigo_mestrado/1A.P_MOVER/simulacao/ref1542_NA_2440.txt","PEbrejo","yes","ok NAB digitado! Checado","precisa","parcelas","PE","contiguous",50,1,"DBH>=5.0cm",NA,"private",150,150,"Atlantic_Forest","FOA","Brejo de altitude","primary/secondary",NA,"2000",2008,1553,62,"/home/danilo/Documentos/Doutorado/artigo_mestrado/paisagens_atualizadas/ref1542_NA_2440.tif",0.0999999999999999,"laplace","2",1553,2.53754803544598,8.41253519062991,0.614569310205091,0.00233516
"1542","2440","/home/danilo/Documentos/Doutorado/artigo_mestrado/1A.P_MOVER/simulacao/ref1542_NA_2440.txt","PEbrejo","yes","ok NAB digitado! Checado","precisa","parcelas","PE","contiguous",50,1,"DBH>=5.0cm",NA,"private",150,150,"Atlantic_Forest","FOA","Brejo de altitude","primary/secondary",NA,"2000",2008,1553,62,"/home/danilo/Documentos/Doutorado/artigo_mestrado/paisagens_atualizadas/ref1542_NA_2440.tif",0.0999999999999999,"laplace","2",1553,2.53754803544598,8.41253519062991,0.614569310205091,0.00223792
"1564","2463","/home/danilo/Documentos/Doutorado/artigo_mestrado/1A.P_MOVER/simulacao/ref1564_NA_2463.txt","PEcaru1","yes","ok NAB digitado! Checado","exata","parcelas","PE","contiguous",10,1,"PBH>=15.0cm",369.1181311,"UC Protecao Integral",350,350,"Atlantic_Forest","FOA","Brejo de altitude","primary",NA,NA,2000,1424,92,"/home/danilo/Documentos/Doutorado/artigo_mestrado/paisagens_atualizadas/ref1564_NA_2463.tif",0.0999999999999999,"laplace","2",1424,2.6499947000159,8.79706479038042,0.77784518287183,0.00435332
"1564","2463","/home/danilo/Documentos/Doutorado/artigo_mestrado/1A.P_MOVER/simulacao/ref1564_NA_2463.txt","PEcaru1","yes","ok NAB digitado! Checado","exata","parcelas","PE","contiguous",10,1,"PBH>=15.0cm",369.1181311,"UC Protecao Integral",350,350,"Atlantic_Forest","FOA","Brejo de altitude","primary",NA,NA,2000,1424,92,"/home/danilo/Documentos/Doutorado/artigo_mestrado/paisagens_atualizadas/ref1564_NA_2463.tif",0.0999999999999999,"laplace","2",1424,2.6499947000159,8.79706479038042,0.77784518287183,0.00484098
"1564","2463","/home/danilo/Documentos/Doutorado/artigo_mestrado/1A.P_MOVER/simulacao/ref1564_NA_2463.txt","PEcaru1","yes","ok NAB digitado! Checado","exata","parcelas","PE","contiguous",10,1,"PBH>=15.0cm",369.1181311,"UC Protecao Integral",350,350,"Atlantic_Forest","FOA","Brejo de altitude","primary",NA,NA,2000,1424,92,"/home/danilo/Documentos/Doutorado/artigo_mestrado/paisagens_atualizadas/ref1564_NA_2463.tif",0.0999999999999999,"laplace","2",1424,2.6499947000159,8.79706479038042,0.77784518287183,0.00483476
"1564","2463","/home/danilo/Documentos/Doutorado/artigo_mestrado/1A.P_MOVER/simulacao/ref1564_NA_2463.txt","PEcaru1","yes","ok NAB digitado! Checado","exata","parcelas","PE","contiguous",10,1,"PBH>=15.0cm",369.1181311,"UC Protecao Integral",350,350,"Atlantic_Forest","FOA","Brejo de altitude","primary",NA,NA,2000,1424,92,"/home/danilo/Documentos/Doutorado/artigo_mestrado/paisagens_atualizadas/ref1564_NA_2463.tif",0.0999999999999999,"laplace","2",1424,2.6499947000159,8.79706479038042,0.77784518287183,0.00448954
"1564","2463","/home/danilo/Documentos/Doutorado/artigo_mestrado/1A.P_MOVER/simulacao/ref1564_NA_2463.txt","PEcaru1","yes","ok NAB digitado! Checado","exata","parcelas","PE","contiguous",10,1,"PBH>=15.0cm",369.1181311,"UC Protecao Integral",350,350,"Atlantic_Forest","FOA","Brejo de altitude","primary",NA,NA,2000,1424,92,"/home/danilo/Documentos/Doutorado/artigo_mestrado/paisagens_atualizadas/ref1564_NA_2463.tif",0.0999999999999999,"laplace","2",1424,2.6499947000159,8.79706479038042,0.77784518287183,0.00458128
"1564","2463","/home/danilo/Documentos/Doutorado/artigo_mestrado/1A.P_MOVER/simulacao/ref1564_NA_2463.txt","PEcaru1","yes","ok NAB digitado! Checado","exata","parcelas","PE","contiguous",10,1,"PBH>=15.0cm",369.1181311,"UC Protecao Integral",350,350,"Atlantic_Forest","FOA","Brejo de altitude","primary",NA,NA,2000,1424,92,"/home/danilo/Documentos/Doutorado/artigo_mestrado/paisagens_atualizadas/ref1564_NA_2463.tif",0.0999999999999999,"laplace","2",1424,2.6499947000159,8.79706479038042,0.77784518287183,0.00475203
"1564","2463","/home/danilo/Documentos/Doutorado/artigo_mestrado/1A.P_MOVER/simulacao/ref1564_NA_2463.txt","PEcaru1","yes","ok NAB digitado! Checado","exata","parcelas","PE","contiguous",10,1,"PBH>=15.0cm",369.1181311,"UC Protecao Integral",350,350,"Atlantic_Forest","FOA","Brejo de altitude","primary",NA,NA,2000,1424,92,"/home/danilo/Documentos/Doutorado/artigo_mestrado/paisagens_atualizadas/ref1564_NA_2463.tif",0.0999999999999999,"laplace","2",1424,2.6499947000159,8.79706479038042,0.77784518287183,0.00501522
"1564","2463","/home/danilo/Documentos/Doutorado/artigo_mestrado/1A.P_MOVER/simulacao/ref1564_NA_2463.txt","PEcaru1","yes","ok NAB digitado! Checado","exata","parcelas","PE","contiguous",10,1,"PBH>=15.0cm",369.1181311,"UC Protecao Integral",350,350,"Atlantic_Forest","FOA","Brejo de altitude","primary",NA,NA,2000,1424,92,"/home/danilo/Documentos/Doutorado/artigo_mestrado/paisagens_atualizadas/ref1564_NA_2463.tif",0.0999999999999999,"laplace","2",1424,2.6499947000159,8.79706479038042,0.77784518287183,0.00463603
"1564","2463","/home/danilo/Documentos/Doutorado/artigo_mestrado/1A.P_MOVER/simulacao/ref1564_NA_2463.txt","PEcaru1","yes","ok NAB digitado! Checado","exata","parcelas","PE","contiguous",10,1,"PBH>=15.0cm",369.1181311,"UC Protecao Integral",350,350,"Atlantic_Forest","FOA","Brejo de altitude","primary",NA,NA,2000,1424,92,"/home/danilo/Documentos/Doutorado/artigo_mestrado/paisagens_atualizadas/ref1564_NA_2463.tif",0.0999999999999999,"laplace","2",1424,2.6499947000159,8.79706479038042,0.77784518287183,0.00472763
"1564","2463","/home/danilo/Documentos/Doutorado/artigo_mestrado/1A.P_MOVER/simulacao/ref1564_NA_2463.txt","PEcaru1","yes","ok NAB digitado! Checado","exata","parcelas","PE","contiguous",10,1,"PBH>=15.0cm",369.1181311,"UC Protecao Integral",350,350,"Atlantic_Forest","FOA","Brejo de altitude","primary",NA,NA,2000,1424,92,"/home/danilo/Documentos/Doutorado/artigo_mestrado/paisagens_atualizadas/ref1564_NA_2463.tif",0.0999999999999999,"laplace","2",1424,2.6499947000159,8.79706479038042,0.77784518287183,0.00492032
"160","200","/home/danilo/Documentos/Doutorado/artigo_mestrado/1A.P_MOVER/simulacao/ref160_NA_200.txt","MGubera","yes","ok NAB digitado! Checado","boa","parcelas","MG","contiguous/systematic",25,1,"PBH>=15.0cm",52746.24,"private_in_APA",70,70,"Atlantic_Forest","FES",NA,"primary",NA,NA,2009,805,90,"/home/danilo/Documentos/Doutorado/artigo_mestrado/paisagens_atualizadas/ref160_NA_200.tif",0.0999999999999999,"laplace","2",805,3.52453688425121,11.7525356725949,0.780674072770359,0.0107048
"160","200","/home/danilo/Documentos/Doutorado/artigo_mestrado/1A.P_MOVER/simulacao/ref160_NA_200.txt","MGubera","yes","ok NAB digitado! Checado","boa","parcelas","MG","contiguous/systematic",25,1,"PBH>=15.0cm",52746.24,"private_in_APA",70,70,"Atlantic_Forest","FES",NA,"primary",NA,NA,2009,805,90,"/home/danilo/Documentos/Doutorado/artigo_mestrado/paisagens_atualizadas/ref160_NA_200.tif",0.0999999999999999,"laplace","2",805,3.52453688425121,11.7525356725949,0.780674072770359,0.00987129
"160","200","/home/danilo/Documentos/Doutorado/artigo_mestrado/1A.P_MOVER/simulacao/ref160_NA_200.txt","MGubera","yes","ok NAB digitado! Checado","boa","parcelas","MG","contiguous/systematic",25,1,"PBH>=15.0cm",52746.24,"private_in_APA",70,70,"Atlantic_Forest","FES",NA,"primary",NA,NA,2009,805,90,"/home/danilo/Documentos/Doutorado/artigo_mestrado/paisagens_atualizadas/ref160_NA_200.tif",0.0999999999999999,"laplace","2",805,3.52453688425121,11.7525356725949,0.780674072770359,0.0105922
"160","200","/home/danilo/Documentos/Doutorado/artigo_mestrado/1A.P_MOVER/simulacao/ref160_NA_200.txt","MGubera","yes","ok NAB digitado! Checado","boa","parcelas","MG","contiguous/systematic",25,1,"PBH>=15.0cm",52746.24,"private_in_APA",70,70,"Atlantic_Forest","FES",NA,"primary",NA,NA,2009,805,90,"/home/danilo/Documentos/Doutorado/artigo_mestrado/paisagens_atualizadas/ref160_NA_200.tif",0.0999999999999999,"laplace","2",805,3.52453688425121,11.7525356725949,0.780674072770359,0.0101246
"160","200","/home/danilo/Documentos/Doutorado/artigo_mestrado/1A.P_MOVER/simulacao/ref160_NA_200.txt","MGubera","yes","ok NAB digitado! Checado","boa","parcelas","MG","contiguous/systematic",25,1,"PBH>=15.0cm",52746.24,"private_in_APA",70,70,"Atlantic_Forest","FES",NA,"primary",NA,NA,2009,805,90,"/home/danilo/Documentos/Doutorado/artigo_mestrado/paisagens_atualizadas/ref160_NA_200.tif",0.0999999999999999,"laplace","2",805,3.52453688425121,11.7525356725949,0.780674072770359,0.0105003
"160","200","/home/danilo/Documentos/Doutorado/artigo_mestrado/1A.P_MOVER/simulacao/ref160_NA_200.txt","MGubera","yes","ok NAB digitado! Checado","boa","parcelas","MG","contiguous/systematic",25,1,"PBH>=15.0cm",52746.24,"private_in_APA",70,70,"Atlantic_Forest","FES",NA,"primary",NA,NA,2009,805,90,"/home/danilo/Documentos/Doutorado/artigo_mestrado/paisagens_atualizadas/ref160_NA_200.tif",0.0999999999999999,"laplace","2",805,3.52453688425121,11.7525356725949,0.780674072770359,0.0103674
"160","200","/home/danilo/Documentos/Doutorado/artigo_mestrado/1A.P_MOVER/simulacao/ref160_NA_200.txt","MGubera","yes","ok NAB digitado! Checado","boa","parcelas","MG","contiguous/systematic",25,1,"PBH>=15.0cm",52746.24,"private_in_APA",70,70,"Atlantic_Forest","FES",NA,"primary",NA,NA,2009,805,90,"/home/danilo/Documentos/Doutorado/artigo_mestrado/paisagens_atualizadas/ref160_NA_200.tif",0.0999999999999999,"laplace","2",805,3.52453688425121,11.7525356725949,0.780674072770359,0.00926721
"160","200","/home/danilo/Documentos/Doutorado/artigo_mestrado/1A.P_MOVER/simulacao/ref160_NA_200.txt","MGubera","yes","ok NAB digitado! Checado","boa","parcelas","MG","contiguous/systematic",25,1,"PBH>=15.0cm",52746.24,"private_in_APA",70,70,"Atlantic_Forest","FES",NA,"primary",NA,NA,2009,805,90,"/home/danilo/Documentos/Doutorado/artigo_mestrado/paisagens_atualizadas/ref160_NA_200.tif",0.0999999999999999,"laplace","2",805,3.52453688425121,11.7525356725949,0.780674072770359,0.00980855
"160","200","/home/danilo/Documentos/Doutorado/artigo_mestrado/1A.P_MOVER/simulacao/ref160_NA_200.txt","MGubera","yes","ok NAB digitado! Checado","boa","parcelas","MG","contiguous/systematic",25,1,"PBH>=15.0cm",52746.24,"private_in_APA",70,70,"Atlantic_Forest","FES",NA,"primary",NA,NA,2009,805,90,"/home/danilo/Documentos/Doutorado/artigo_mestrado/paisagens_atualizadas/ref160_NA_200.tif",0.0999999999999999,"laplace","2",805,3.52453688425121,11.7525356725949,0.780674072770359,0.00996709
"160","200","/home/danilo/Documentos/Doutorado/artigo_mestrado/1A.P_MOVER/simulacao/ref160_NA_200.txt","MGubera","yes","ok NAB digitado! Checado","boa","parcelas","MG","contiguous/systematic",25,1,"PBH>=15.0cm",52746.24,"private_in_APA",70,70,"Atlantic_Forest","FES",NA,"primary",NA,NA,2009,805,90,"/home/danilo/Documentos/Doutorado/artigo_mestrado/paisagens_atualizadas/ref160_NA_200.tif",0.0999999999999999,"laplace","2",805,3.52453688425121,11.7525356725949,0.780674072770359,0.0103774
"1617","2549","/home/danilo/Documentos/Doutorado/artigo_mestrado/1A.P_MOVER/simulacao/ref1617_NA_2549.txt","PEmata2","yes","ok NAB digitado! Checado","boa","parcelas","PE","contiguous",50,1,"DBH>=5.0cm",590,"UC Protecao Integral",80.7,80.7,"Atlantic_Forest","FES","FESTB","secondary",NA,"2004",2004,1145,88,"/home/danilo/Documentos/Doutorado/artigo_mestrado/paisagens_atualizadas/ref1617_NA_2549.tif",0.0999999999999999,"laplace","2",1145,2.95527062282771,9.81906269668307,0.671583806484431,0.00679669
"1617","2549","/home/danilo/Documentos/Doutorado/artigo_mestrado/1A.P_MOVER/simulacao/ref1617_NA_2549.txt","PEmata2","yes","ok NAB digitado! Checado","boa","parcelas","PE","contiguous",50,1,"DBH>=5.0cm",590,"UC Protecao Integral",80.7,80.7,"Atlantic_Forest","FES","FESTB","secondary",NA,"2004",2004,1145,88,"/home/danilo/Documentos/Doutorado/artigo_mestrado/paisagens_atualizadas/ref1617_NA_2549.tif",0.0999999999999999,"laplace","2",1145,2.95527062282771,9.81906269668307,0.671583806484431,0.00703354
"1617","2549","/home/danilo/Documentos/Doutorado/artigo_mestrado/1A.P_MOVER/simulacao/ref1617_NA_2549.txt","PEmata2","yes","ok NAB digitado! Checado","boa","parcelas","PE","contiguous",50,1,"DBH>=5.0cm",590,"UC Protecao Integral",80.7,80.7,"Atlantic_Forest","FES","FESTB","secondary",NA,"2004",2004,1145,88,"/home/danilo/Documentos/Doutorado/artigo_mestrado/paisagens_atualizadas/ref1617_NA_2549.tif",0.0999999999999999,"laplace","2",1145,2.95527062282771,9.81906269668307,0.671583806484431,0.00638207
"1617","2549","/home/danilo/Documentos/Doutorado/artigo_mestrado/1A.P_MOVER/simulacao/ref1617_NA_2549.txt","PEmata2","yes","ok NAB digitado! Checado","boa","parcelas","PE","contiguous",50,1,"DBH>=5.0cm",590,"UC Protecao Integral",80.7,80.7,"Atlantic_Forest","FES","FESTB","secondary",NA,"2004",2004,1145,88,"/home/danilo/Documentos/Doutorado/artigo_mestrado/paisagens_atualizadas/ref1617_NA_2549.tif",0.0999999999999999,"laplace","2",1145,2.95527062282771,9.81906269668307,0.671583806484431,0.00670446
"1617","2549","/home/danilo/Documentos/Doutorado/artigo_mestrado/1A.P_MOVER/simulacao/ref1617_NA_2549.txt","PEmata2","yes","ok NAB digitado! Checado","boa","parcelas","PE","contiguous",50,1,"DBH>=5.0cm",590,"UC Protecao Integral",80.7,80.7,"Atlantic_Forest","FES","FESTB","secondary",NA,"2004",2004,1145,88,"/home/danilo/Documentos/Doutorado/artigo_mestrado/paisagens_atualizadas/ref1617_NA_2549.tif",0.0999999999999999,"laplace","2",1145,2.95527062282771,9.81906269668307,0.671583806484431,0.0066468
"1617","2549","/home/danilo/Documentos/Doutorado/artigo_mestrado/1A.P_MOVER/simulacao/ref1617_NA_2549.txt","PEmata2","yes","ok NAB digitado! Checado","boa","parcelas","PE","contiguous",50,1,"DBH>=5.0cm",590,"UC Protecao Integral",80.7,80.7,"Atlantic_Forest","FES","FESTB","secondary",NA,"2004",2004,1145,88,"/home/danilo/Documentos/Doutorado/artigo_mestrado/paisagens_atualizadas/ref1617_NA_2549.tif",0.0999999999999999,"laplace","2",1145,2.95527062282771,9.81906269668307,0.671583806484431,0.00674811
"1617","2549","/home/danilo/Documentos/Doutorado/artigo_mestrado/1A.P_MOVER/simulacao/ref1617_NA_2549.txt","PEmata2","yes","ok NAB digitado! Checado","boa","parcelas","PE","contiguous",50,1,"DBH>=5.0cm",590,"UC Protecao Integral",80.7,80.7,"Atlantic_Forest","FES","FESTB","secondary",NA,"2004",2004,1145,88,"/home/danilo/Documentos/Doutorado/artigo_mestrado/paisagens_atualizadas/ref1617_NA_2549.tif",0.0999999999999999,"laplace","2",1145,2.95527062282771,9.81906269668307,0.671583806484431,0.0070158
"1617","2549","/home/danilo/Documentos/Doutorado/artigo_mestrado/1A.P_MOVER/simulacao/ref1617_NA_2549.txt","PEmata2","yes","ok NAB digitado! Checado","boa","parcelas","PE","contiguous",50,1,"DBH>=5.0cm",590,"UC Protecao Integral",80.7,80.7,"Atlantic_Forest","FES","FESTB","secondary",NA,"2004",2004,1145,88,"/home/danilo/Documentos/Doutorado/artigo_mestrado/paisagens_atualizadas/ref1617_NA_2549.tif",0.0999999999999999,"laplace","2",1145,2.95527062282771,9.81906269668307,0.671583806484431,0.00699757
"1617","2549","/home/danilo/Documentos/Doutorado/artigo_mestrado/1A.P_MOVER/simulacao/ref1617_NA_2549.txt","PEmata2","yes","ok NAB digitado! Checado","boa","parcelas","PE","contiguous",50,1,"DBH>=5.0cm",590,"UC Protecao Integral",80.7,80.7,"Atlantic_Forest","FES","FESTB","secondary",NA,"2004",2004,1145,88,"/home/danilo/Documentos/Doutorado/artigo_mestrado/paisagens_atualizadas/ref1617_NA_2549.tif",0.0999999999999999,"laplace","2",1145,2.95527062282771,9.81906269668307,0.671583806484431,0.00644694
"1617","2549","/home/danilo/Documentos/Doutorado/artigo_mestrado/1A.P_MOVER/simulacao/ref1617_NA_2549.txt","PEmata2","yes","ok NAB digitado! Checado","boa","parcelas","PE","contiguous",50,1,"DBH>=5.0cm",590,"UC Protecao Integral",80.7,80.7,"Atlantic_Forest","FES","FESTB","secondary",NA,"2004",2004,1145,88,"/home/danilo/Documentos/Doutorado/artigo_mestrado/paisagens_atualizadas/ref1617_NA_2549.tif",0.0999999999999999,"laplace","2",1145,2.95527062282771,9.81906269668307,0.671583806484431,0.00687573
"161","201","/home/danilo/Documentos/Doutorado/artigo_mestrado/1A.P_MOVER/simulacao/ref161_NA_201.txt","MGlavr2","yes","ok NAB digitado! Checado","precisa","parcelas","MG","contiguous/systematic",52,2.08,"DBH>=5.0cm",600,"universities and research centers",8.75,8.75,"Atlantic_Forest","FES","FESM","secondary",NA,NA,2002,3120,175,"/home/danilo/Documentos/Doutorado/artigo_mestrado/paisagens_atualizadas/ref161_NA_201.tif",0.0999999999999999,"laplace","2",1500,2.58198889747161,8.67793710504854,0.0645276897540366,0.0154141
"161","201","/home/danilo/Documentos/Doutorado/artigo_mestrado/1A.P_MOVER/simulacao/ref161_NA_201.txt","MGlavr2","yes","ok NAB digitado! Checado","precisa","parcelas","MG","contiguous/systematic",52,2.08,"DBH>=5.0cm",600,"universities and research centers",8.75,8.75,"Atlantic_Forest","FES","FESM","secondary",NA,NA,2002,3120,175,"/home/danilo/Documentos/Doutorado/artigo_mestrado/paisagens_atualizadas/ref161_NA_201.tif",0.0999999999999999,"laplace","2",1500,2.58198889747161,8.67793710504854,0.0645276897540366,0.0156511
"161","201","/home/danilo/Documentos/Doutorado/artigo_mestrado/1A.P_MOVER/simulacao/ref161_NA_201.txt","MGlavr2","yes","ok NAB digitado! Checado","precisa","parcelas","MG","contiguous/systematic",52,2.08,"DBH>=5.0cm",600,"universities and research centers",8.75,8.75,"Atlantic_Forest","FES","FESM","secondary",NA,NA,2002,3120,175,"/home/danilo/Documentos/Doutorado/artigo_mestrado/paisagens_atualizadas/ref161_NA_201.tif",0.0999999999999999,"laplace","2",1500,2.58198889747161,8.67793710504854,0.0645276897540366,0.0152616
"161","201","/home/danilo/Documentos/Doutorado/artigo_mestrado/1A.P_MOVER/simulacao/ref161_NA_201.txt","MGlavr2","yes","ok NAB digitado! Checado","precisa","parcelas","MG","contiguous/systematic",52,2.08,"DBH>=5.0cm",600,"universities and research centers",8.75,8.75,"Atlantic_Forest","FES","FESM","secondary",NA,NA,2002,3120,175,"/home/danilo/Documentos/Doutorado/artigo_mestrado/paisagens_atualizadas/ref161_NA_201.tif",0.0999999999999999,"laplace","2",1500,2.58198889747161,8.67793710504854,0.0645276897540366,0.0154955
"161","201","/home/danilo/Documentos/Doutorado/artigo_mestrado/1A.P_MOVER/simulacao/ref161_NA_201.txt","MGlavr2","yes","ok NAB digitado! Checado","precisa","parcelas","MG","contiguous/systematic",52,2.08,"DBH>=5.0cm",600,"universities and research centers",8.75,8.75,"Atlantic_Forest","FES","FESM","secondary",NA,NA,2002,3120,175,"/home/danilo/Documentos/Doutorado/artigo_mestrado/paisagens_atualizadas/ref161_NA_201.tif",0.0999999999999999,"laplace","2",1500,2.58198889747161,8.67793710504854,0.0645276897540366,0.0151965
"161","201","/home/danilo/Documentos/Doutorado/artigo_mestrado/1A.P_MOVER/simulacao/ref161_NA_201.txt","MGlavr2","yes","ok NAB digitado! Checado","precisa","parcelas","MG","contiguous/systematic",52,2.08,"DBH>=5.0cm",600,"universities and research centers",8.75,8.75,"Atlantic_Forest","FES","FESM","secondary",NA,NA,2002,3120,175,"/home/danilo/Documentos/Doutorado/artigo_mestrado/paisagens_atualizadas/ref161_NA_201.tif",0.0999999999999999,"laplace","2",1500,2.58198889747161,8.67793710504854,0.0645276897540366,0.0155092
"161","201","/home/danilo/Documentos/Doutorado/artigo_mestrado/1A.P_MOVER/simulacao/ref161_NA_201.txt","MGlavr2","yes","ok NAB digitado! Checado","precisa","parcelas","MG","contiguous/systematic",52,2.08,"DBH>=5.0cm",600,"universities and research centers",8.75,8.75,"Atlantic_Forest","FES","FESM","secondary",NA,NA,2002,3120,175,"/home/danilo/Documentos/Doutorado/artigo_mestrado/paisagens_atualizadas/ref161_NA_201.tif",0.0999999999999999,"laplace","2",1500,2.58198889747161,8.67793710504854,0.0645276897540366,0.0153707
"161","201","/home/danilo/Documentos/Doutorado/artigo_mestrado/1A.P_MOVER/simulacao/ref161_NA_201.txt","MGlavr2","yes","ok NAB digitado! Checado","precisa","parcelas","MG","contiguous/systematic",52,2.08,"DBH>=5.0cm",600,"universities and research centers",8.75,8.75,"Atlantic_Forest","FES","FESM","secondary",NA,NA,2002,3120,175,"/home/danilo/Documentos/Doutorado/artigo_mestrado/paisagens_atualizadas/ref161_NA_201.tif",0.0999999999999999,"laplace","2",1500,2.58198889747161,8.67793710504854,0.0645276897540366,0.0151686
"161","201","/home/danilo/Documentos/Doutorado/artigo_mestrado/1A.P_MOVER/simulacao/ref161_NA_201.txt","MGlavr2","yes","ok NAB digitado! Checado","precisa","parcelas","MG","contiguous/systematic",52,2.08,"DBH>=5.0cm",600,"universities and research centers",8.75,8.75,"Atlantic_Forest","FES","FESM","secondary",NA,NA,2002,3120,175,"/home/danilo/Documentos/Doutorado/artigo_mestrado/paisagens_atualizadas/ref161_NA_201.tif",0.0999999999999999,"laplace","2",1500,2.58198889747161,8.67793710504854,0.0645276897540366,0.0154718
"161","201","/home/danilo/Documentos/Doutorado/artigo_mestrado/1A.P_MOVER/simulacao/ref161_NA_201.txt","MGlavr2","yes","ok NAB digitado! Checado","precisa","parcelas","MG","contiguous/systematic",52,2.08,"DBH>=5.0cm",600,"universities and research centers",8.75,8.75,"Atlantic_Forest","FES","FESM","secondary",NA,NA,2002,3120,175,"/home/danilo/Documentos/Doutorado/artigo_mestrado/paisagens_atualizadas/ref161_NA_201.tif",0.0999999999999999,"laplace","2",1500,2.58198889747161,8.67793710504854,0.0645276897540366,0.014999
"178","243","/home/danilo/Documentos/Doutorado/artigo_mestrado/1A.P_MOVER/simulacao/ref178_NA_243.txt","MGipia1","yes","ok NAB digitado! Checado","boa","parcelas","MG","contiguous/systematic",25,1,"PBH>=15.0cm",NA,"private",106.41,40,"Atlantic_Forest","FES",NA,"secondary",NA,"2007",2009,837,50,"/home/danilo/Documentos/Doutorado/artigo_mestrado/paisagens_atualizadas/ref178_NA_243.tif",0.0999999999999999,"laplace","2",837,3.45650564910142,11.49663371933,0.858294563938664,0.00105652
"178","243","/home/danilo/Documentos/Doutorado/artigo_mestrado/1A.P_MOVER/simulacao/ref178_NA_243.txt","MGipia1","yes","ok NAB digitado! Checado","boa","parcelas","MG","contiguous/systematic",25,1,"PBH>=15.0cm",NA,"private",106.41,40,"Atlantic_Forest","FES",NA,"secondary",NA,"2007",2009,837,50,"/home/danilo/Documentos/Doutorado/artigo_mestrado/paisagens_atualizadas/ref178_NA_243.tif",0.0999999999999999,"laplace","2",837,3.45650564910142,11.49663371933,0.858294563938664,0.00117098
"178","243","/home/danilo/Documentos/Doutorado/artigo_mestrado/1A.P_MOVER/simulacao/ref178_NA_243.txt","MGipia1","yes","ok NAB digitado! Checado","boa","parcelas","MG","contiguous/systematic",25,1,"PBH>=15.0cm",NA,"private",106.41,40,"Atlantic_Forest","FES",NA,"secondary",NA,"2007",2009,837,50,"/home/danilo/Documentos/Doutorado/artigo_mestrado/paisagens_atualizadas/ref178_NA_243.tif",0.0999999999999999,"laplace","2",837,3.45650564910142,11.49663371933,0.858294563938664,0.00121193
"178","243","/home/danilo/Documentos/Doutorado/artigo_mestrado/1A.P_MOVER/simulacao/ref178_NA_243.txt","MGipia1","yes","ok NAB digitado! Checado","boa","parcelas","MG","contiguous/systematic",25,1,"PBH>=15.0cm",NA,"private",106.41,40,"Atlantic_Forest","FES",NA,"secondary",NA,"2007",2009,837,50,"/home/danilo/Documentos/Doutorado/artigo_mestrado/paisagens_atualizadas/ref178_NA_243.tif",0.0999999999999999,"laplace","2",837,3.45650564910142,11.49663371933,0.858294563938664,0.00119418
"178","243","/home/danilo/Documentos/Doutorado/artigo_mestrado/1A.P_MOVER/simulacao/ref178_NA_243.txt","MGipia1","yes","ok NAB digitado! Checado","boa","parcelas","MG","contiguous/systematic",25,1,"PBH>=15.0cm",NA,"private",106.41,40,"Atlantic_Forest","FES",NA,"secondary",NA,"2007",2009,837,50,"/home/danilo/Documentos/Doutorado/artigo_mestrado/paisagens_atualizadas/ref178_NA_243.tif",0.0999999999999999,"laplace","2",837,3.45650564910142,11.49663371933,0.858294563938664,0.00117479
"178","243","/home/danilo/Documentos/Doutorado/artigo_mestrado/1A.P_MOVER/simulacao/ref178_NA_243.txt","MGipia1","yes","ok NAB digitado! Checado","boa","parcelas","MG","contiguous/systematic",25,1,"PBH>=15.0cm",NA,"private",106.41,40,"Atlantic_Forest","FES",NA,"secondary",NA,"2007",2009,837,50,"/home/danilo/Documentos/Doutorado/artigo_mestrado/paisagens_atualizadas/ref178_NA_243.tif",0.0999999999999999,"laplace","2",837,3.45650564910142,11.49663371933,0.858294563938664,0.000923736
"178","243","/home/danilo/Documentos/Doutorado/artigo_mestrado/1A.P_MOVER/simulacao/ref178_NA_243.txt","MGipia1","yes","ok NAB digitado! Checado","boa","parcelas","MG","contiguous/systematic",25,1,"PBH>=15.0cm",NA,"private",106.41,40,"Atlantic_Forest","FES",NA,"secondary",NA,"2007",2009,837,50,"/home/danilo/Documentos/Doutorado/artigo_mestrado/paisagens_atualizadas/ref178_NA_243.tif",0.0999999999999999,"laplace","2",837,3.45650564910142,11.49663371933,0.858294563938664,0.00110699
"178","243","/home/danilo/Documentos/Doutorado/artigo_mestrado/1A.P_MOVER/simulacao/ref178_NA_243.txt","MGipia1","yes","ok NAB digitado! Checado","boa","parcelas","MG","contiguous/systematic",25,1,"PBH>=15.0cm",NA,"private",106.41,40,"Atlantic_Forest","FES",NA,"secondary",NA,"2007",2009,837,50,"/home/danilo/Documentos/Doutorado/artigo_mestrado/paisagens_atualizadas/ref178_NA_243.tif",0.0999999999999999,"laplace","2",837,3.45650564910142,11.49663371933,0.858294563938664,0.00127923
"178","243","/home/danilo/Documentos/Doutorado/artigo_mestrado/1A.P_MOVER/simulacao/ref178_NA_243.txt","MGipia1","yes","ok NAB digitado! Checado","boa","parcelas","MG","contiguous/systematic",25,1,"PBH>=15.0cm",NA,"private",106.41,40,"Atlantic_Forest","FES",NA,"secondary",NA,"2007",2009,837,50,"/home/danilo/Documentos/Doutorado/artigo_mestrado/paisagens_atualizadas/ref178_NA_243.tif",0.0999999999999999,"laplace","2",837,3.45650564910142,11.49663371933,0.858294563938664,0.00115843
"178","243","/home/danilo/Documentos/Doutorado/artigo_mestrado/1A.P_MOVER/simulacao/ref178_NA_243.txt","MGipia1","yes","ok NAB digitado! Checado","boa","parcelas","MG","contiguous/systematic",25,1,"PBH>=15.0cm",NA,"private",106.41,40,"Atlantic_Forest","FES",NA,"secondary",NA,"2007",2009,837,50,"/home/danilo/Documentos/Doutorado/artigo_mestrado/paisagens_atualizadas/ref178_NA_243.tif",0.0999999999999999,"laplace","2",837,3.45650564910142,11.49663371933,0.858294563938664,0.00132447
"224","307","/home/danilo/Documentos/Doutorado/artigo_mestrado/1A.P_MOVER/simulacao/ref224_NA_307.txt","MGvico1","yes","ok N digitado! Checado","precisa","parcelas","MG","contiguous",100,1,"PBH>=15.0cm",1611.3,"universities and research centers",102.43,NA,"Atlantic_Forest","FES","FESM","secondary",NA,NA,2004,1826,94,"/home/danilo/Documentos/Doutorado/artigo_mestrado/paisagens_atualizadas/ref224_NA_307.tif",0.0999999999999999,"laplace","2",1826,2.34018188600455,7.7800382184212,0.226567368315427,0.0149028
"224","307","/home/danilo/Documentos/Doutorado/artigo_mestrado/1A.P_MOVER/simulacao/ref224_NA_307.txt","MGvico1","yes","ok N digitado! Checado","precisa","parcelas","MG","contiguous",100,1,"PBH>=15.0cm",1611.3,"universities and research centers",102.43,NA,"Atlantic_Forest","FES","FESM","secondary",NA,NA,2004,1826,94,"/home/danilo/Documentos/Doutorado/artigo_mestrado/paisagens_atualizadas/ref224_NA_307.tif",0.0999999999999999,"laplace","2",1826,2.34018188600455,7.7800382184212,0.226567368315427,0.0143194
"224","307","/home/danilo/Documentos/Doutorado/artigo_mestrado/1A.P_MOVER/simulacao/ref224_NA_307.txt","MGvico1","yes","ok N digitado! Checado","precisa","parcelas","MG","contiguous",100,1,"PBH>=15.0cm",1611.3,"universities and research centers",102.43,NA,"Atlantic_Forest","FES","FESM","secondary",NA,NA,2004,1826,94,"/home/danilo/Documentos/Doutorado/artigo_mestrado/paisagens_atualizadas/ref224_NA_307.tif",0.0999999999999999,"laplace","2",1826,2.34018188600455,7.7800382184212,0.226567368315427,0.0152317
"224","307","/home/danilo/Documentos/Doutorado/artigo_mestrado/1A.P_MOVER/simulacao/ref224_NA_307.txt","MGvico1","yes","ok N digitado! Checado","precisa","parcelas","MG","contiguous",100,1,"PBH>=15.0cm",1611.3,"universities and research centers",102.43,NA,"Atlantic_Forest","FES","FESM","secondary",NA,NA,2004,1826,94,"/home/danilo/Documentos/Doutorado/artigo_mestrado/paisagens_atualizadas/ref224_NA_307.tif",0.0999999999999999,"laplace","2",1826,2.34018188600455,7.7800382184212,0.226567368315427,0.0146903
"224","307","/home/danilo/Documentos/Doutorado/artigo_mestrado/1A.P_MOVER/simulacao/ref224_NA_307.txt","MGvico1","yes","ok N digitado! Checado","precisa","parcelas","MG","contiguous",100,1,"PBH>=15.0cm",1611.3,"universities and research centers",102.43,NA,"Atlantic_Forest","FES","FESM","secondary",NA,NA,2004,1826,94,"/home/danilo/Documentos/Doutorado/artigo_mestrado/paisagens_atualizadas/ref224_NA_307.tif",0.0999999999999999,"laplace","2",1826,2.34018188600455,7.7800382184212,0.226567368315427,0.0143494
"224","307","/home/danilo/Documentos/Doutorado/artigo_mestrado/1A.P_MOVER/simulacao/ref224_NA_307.txt","MGvico1","yes","ok N digitado! Checado","precisa","parcelas","MG","contiguous",100,1,"PBH>=15.0cm",1611.3,"universities and research centers",102.43,NA,"Atlantic_Forest","FES","FESM","secondary",NA,NA,2004,1826,94,"/home/danilo/Documentos/Doutorado/artigo_mestrado/paisagens_atualizadas/ref224_NA_307.tif",0.0999999999999999,"laplace","2",1826,2.34018188600455,7.7800382184212,0.226567368315427,0.0149017
"224","307","/home/danilo/Documentos/Doutorado/artigo_mestrado/1A.P_MOVER/simulacao/ref224_NA_307.txt","MGvico1","yes","ok N digitado! Checado","precisa","parcelas","MG","contiguous",100,1,"PBH>=15.0cm",1611.3,"universities and research centers",102.43,NA,"Atlantic_Forest","FES","FESM","secondary",NA,NA,2004,1826,94,"/home/danilo/Documentos/Doutorado/artigo_mestrado/paisagens_atualizadas/ref224_NA_307.tif",0.0999999999999999,"laplace","2",1826,2.34018188600455,7.7800382184212,0.226567368315427,0.014622
"224","307","/home/danilo/Documentos/Doutorado/artigo_mestrado/1A.P_MOVER/simulacao/ref224_NA_307.txt","MGvico1","yes","ok N digitado! Checado","precisa","parcelas","MG","contiguous",100,1,"PBH>=15.0cm",1611.3,"universities and research centers",102.43,NA,"Atlantic_Forest","FES","FESM","secondary",NA,NA,2004,1826,94,"/home/danilo/Documentos/Doutorado/artigo_mestrado/paisagens_atualizadas/ref224_NA_307.tif",0.0999999999999999,"laplace","2",1826,2.34018188600455,7.7800382184212,0.226567368315427,0.0151779
"224","307","/home/danilo/Documentos/Doutorado/artigo_mestrado/1A.P_MOVER/simulacao/ref224_NA_307.txt","MGvico1","yes","ok N digitado! Checado","precisa","parcelas","MG","contiguous",100,1,"PBH>=15.0cm",1611.3,"universities and research centers",102.43,NA,"Atlantic_Forest","FES","FESM","secondary",NA,NA,2004,1826,94,"/home/danilo/Documentos/Doutorado/artigo_mestrado/paisagens_atualizadas/ref224_NA_307.tif",0.0999999999999999,"laplace","2",1826,2.34018188600455,7.7800382184212,0.226567368315427,0.0146128
"224","307","/home/danilo/Documentos/Doutorado/artigo_mestrado/1A.P_MOVER/simulacao/ref224_NA_307.txt","MGvico1","yes","ok N digitado! Checado","precisa","parcelas","MG","contiguous",100,1,"PBH>=15.0cm",1611.3,"universities and research centers",102.43,NA,"Atlantic_Forest","FES","FESM","secondary",NA,NA,2004,1826,94,"/home/danilo/Documentos/Doutorado/artigo_mestrado/paisagens_atualizadas/ref224_NA_307.tif",0.0999999999999999,"laplace","2",1826,2.34018188600455,7.7800382184212,0.226567368315427,0.0148346
"2561","3863","/home/danilo/Documentos/Doutorado/artigo_mestrado/1A.P_MOVER/simulacao/ref2561_NA_3863.txt","SPeec4","yes","ok NAB digitado! Checado","exata","parcelas","SP","contiguous",100,1,"DBH>=5.0cm",2178.84,"UC Protecao Integral",3324.71,2178.84,"Atlantic_Forest","FES","FESSm","primary",NA,"1999",2002,1218,86,"/home/danilo/Documentos/Doutorado/artigo_mestrado/paisagens_atualizadas/ref2561_NA_3863.tif",0.0999999999999999,"laplace","2",1218,2.86534127530626,9.46983506112249,0.155040024899921,0.00250035
"2561","3863","/home/danilo/Documentos/Doutorado/artigo_mestrado/1A.P_MOVER/simulacao/ref2561_NA_3863.txt","SPeec4","yes","ok NAB digitado! Checado","exata","parcelas","SP","contiguous",100,1,"DBH>=5.0cm",2178.84,"UC Protecao Integral",3324.71,2178.84,"Atlantic_Forest","FES","FESSm","primary",NA,"1999",2002,1218,86,"/home/danilo/Documentos/Doutorado/artigo_mestrado/paisagens_atualizadas/ref2561_NA_3863.tif",0.0999999999999999,"laplace","2",1218,2.86534127530626,9.46983506112249,0.155040024899921,0.0026223
"2561","3863","/home/danilo/Documentos/Doutorado/artigo_mestrado/1A.P_MOVER/simulacao/ref2561_NA_3863.txt","SPeec4","yes","ok NAB digitado! Checado","exata","parcelas","SP","contiguous",100,1,"DBH>=5.0cm",2178.84,"UC Protecao Integral",3324.71,2178.84,"Atlantic_Forest","FES","FESSm","primary",NA,"1999",2002,1218,86,"/home/danilo/Documentos/Doutorado/artigo_mestrado/paisagens_atualizadas/ref2561_NA_3863.tif",0.0999999999999999,"laplace","2",1218,2.86534127530626,9.46983506112249,0.155040024899921,0.00256553
"2561","3863","/home/danilo/Documentos/Doutorado/artigo_mestrado/1A.P_MOVER/simulacao/ref2561_NA_3863.txt","SPeec4","yes","ok NAB digitado! Checado","exata","parcelas","SP","contiguous",100,1,"DBH>=5.0cm",2178.84,"UC Protecao Integral",3324.71,2178.84,"Atlantic_Forest","FES","FESSm","primary",NA,"1999",2002,1218,86,"/home/danilo/Documentos/Doutorado/artigo_mestrado/paisagens_atualizadas/ref2561_NA_3863.tif",0.0999999999999999,"laplace","2",1218,2.86534127530626,9.46983506112249,0.155040024899921,0.00233895
"2561","3863","/home/danilo/Documentos/Doutorado/artigo_mestrado/1A.P_MOVER/simulacao/ref2561_NA_3863.txt","SPeec4","yes","ok NAB digitado! Checado","exata","parcelas","SP","contiguous",100,1,"DBH>=5.0cm",2178.84,"UC Protecao Integral",3324.71,2178.84,"Atlantic_Forest","FES","FESSm","primary",NA,"1999",2002,1218,86,"/home/danilo/Documentos/Doutorado/artigo_mestrado/paisagens_atualizadas/ref2561_NA_3863.tif",0.0999999999999999,"laplace","2",1218,2.86534127530626,9.46983506112249,0.155040024899921,0.00235354
"2561","3863","/home/danilo/Documentos/Doutorado/artigo_mestrado/1A.P_MOVER/simulacao/ref2561_NA_3863.txt","SPeec4","yes","ok NAB digitado! Checado","exata","parcelas","SP","contiguous",100,1,"DBH>=5.0cm",2178.84,"UC Protecao Integral",3324.71,2178.84,"Atlantic_Forest","FES","FESSm","primary",NA,"1999",2002,1218,86,"/home/danilo/Documentos/Doutorado/artigo_mestrado/paisagens_atualizadas/ref2561_NA_3863.tif",0.0999999999999999,"laplace","2",1218,2.86534127530626,9.46983506112249,0.155040024899921,0.00249209
"2561","3863","/home/danilo/Documentos/Doutorado/artigo_mestrado/1A.P_MOVER/simulacao/ref2561_NA_3863.txt","SPeec4","yes","ok NAB digitado! Checado","exata","parcelas","SP","contiguous",100,1,"DBH>=5.0cm",2178.84,"UC Protecao Integral",3324.71,2178.84,"Atlantic_Forest","FES","FESSm","primary",NA,"1999",2002,1218,86,"/home/danilo/Documentos/Doutorado/artigo_mestrado/paisagens_atualizadas/ref2561_NA_3863.tif",0.0999999999999999,"laplace","2",1218,2.86534127530626,9.46983506112249,0.155040024899921,0.00241317
"2561","3863","/home/danilo/Documentos/Doutorado/artigo_mestrado/1A.P_MOVER/simulacao/ref2561_NA_3863.txt","SPeec4","yes","ok NAB digitado! Checado","exata","parcelas","SP","contiguous",100,1,"DBH>=5.0cm",2178.84,"UC Protecao Integral",3324.71,2178.84,"Atlantic_Forest","FES","FESSm","primary",NA,"1999",2002,1218,86,"/home/danilo/Documentos/Doutorado/artigo_mestrado/paisagens_atualizadas/ref2561_NA_3863.tif",0.0999999999999999,"laplace","2",1218,2.86534127530626,9.46983506112249,0.155040024899921,0.00252499
"2561","3863","/home/danilo/Documentos/Doutorado/artigo_mestrado/1A.P_MOVER/simulacao/ref2561_NA_3863.txt","SPeec4","yes","ok NAB digitado! Checado","exata","parcelas","SP","contiguous",100,1,"DBH>=5.0cm",2178.84,"UC Protecao Integral",3324.71,2178.84,"Atlantic_Forest","FES","FESSm","primary",NA,"1999",2002,1218,86,"/home/danilo/Documentos/Doutorado/artigo_mestrado/paisagens_atualizadas/ref2561_NA_3863.tif",0.0999999999999999,"laplace","2",1218,2.86534127530626,9.46983506112249,0.155040024899921,0.0025316
"2561","3863","/home/danilo/Documentos/Doutorado/artigo_mestrado/1A.P_MOVER/simulacao/ref2561_NA_3863.txt","SPeec4","yes","ok NAB digitado! Checado","exata","parcelas","SP","contiguous",100,1,"DBH>=5.0cm",2178.84,"UC Protecao Integral",3324.71,2178.84,"Atlantic_Forest","FES","FESSm","primary",NA,"1999",2002,1218,86,"/home/danilo/Documentos/Doutorado/artigo_mestrado/paisagens_atualizadas/ref2561_NA_3863.tif",0.0999999999999999,"laplace","2",1218,2.86534127530626,9.46983506112249,0.155040024899921,0.0024765
"2561","3864","/home/danilo/Documentos/Doutorado/artigo_mestrado/1A.P_MOVER/simulacao/ref2561_NA_3864.txt","SPeec5","yes","ok NAB digitado! Checado","boa","parcelas","SP","contiguous",100,1,"DBH>=5.0cm",2178.84,"UC Protecao Integral",3324.71,2178.84,"Atlantic_Forest","FES","FESSm","primary",NA,"1999",2002,1111,77,"/home/danilo/Documentos/Doutorado/artigo_mestrado/paisagens_atualizadas/ref2561_NA_3864.tif",0.0999999999999999,"laplace","2",1111,3.00015001125094,9.955875054089,0.149562693155375,0.00375601
"2561","3864","/home/danilo/Documentos/Doutorado/artigo_mestrado/1A.P_MOVER/simulacao/ref2561_NA_3864.txt","SPeec5","yes","ok NAB digitado! Checado","boa","parcelas","SP","contiguous",100,1,"DBH>=5.0cm",2178.84,"UC Protecao Integral",3324.71,2178.84,"Atlantic_Forest","FES","FESSm","primary",NA,"1999",2002,1111,77,"/home/danilo/Documentos/Doutorado/artigo_mestrado/paisagens_atualizadas/ref2561_NA_3864.tif",0.0999999999999999,"laplace","2",1111,3.00015001125094,9.955875054089,0.149562693155375,0.00376836
"2561","3864","/home/danilo/Documentos/Doutorado/artigo_mestrado/1A.P_MOVER/simulacao/ref2561_NA_3864.txt","SPeec5","yes","ok NAB digitado! Checado","boa","parcelas","SP","contiguous",100,1,"DBH>=5.0cm",2178.84,"UC Protecao Integral",3324.71,2178.84,"Atlantic_Forest","FES","FESSm","primary",NA,"1999",2002,1111,77,"/home/danilo/Documentos/Doutorado/artigo_mestrado/paisagens_atualizadas/ref2561_NA_3864.tif",0.0999999999999999,"laplace","2",1111,3.00015001125094,9.955875054089,0.149562693155375,0.00369815
"2561","3864","/home/danilo/Documentos/Doutorado/artigo_mestrado/1A.P_MOVER/simulacao/ref2561_NA_3864.txt","SPeec5","yes","ok NAB digitado! Checado","boa","parcelas","SP","contiguous",100,1,"DBH>=5.0cm",2178.84,"UC Protecao Integral",3324.71,2178.84,"Atlantic_Forest","FES","FESSm","primary",NA,"1999",2002,1111,77,"/home/danilo/Documentos/Doutorado/artigo_mestrado/paisagens_atualizadas/ref2561_NA_3864.tif",0.0999999999999999,"laplace","2",1111,3.00015001125094,9.955875054089,0.149562693155375,0.00370341
"2561","3864","/home/danilo/Documentos/Doutorado/artigo_mestrado/1A.P_MOVER/simulacao/ref2561_NA_3864.txt","SPeec5","yes","ok NAB digitado! Checado","boa","parcelas","SP","contiguous",100,1,"DBH>=5.0cm",2178.84,"UC Protecao Integral",3324.71,2178.84,"Atlantic_Forest","FES","FESSm","primary",NA,"1999",2002,1111,77,"/home/danilo/Documentos/Doutorado/artigo_mestrado/paisagens_atualizadas/ref2561_NA_3864.tif",0.0999999999999999,"laplace","2",1111,3.00015001125094,9.955875054089,0.149562693155375,0.00352224
"2561","3864","/home/danilo/Documentos/Doutorado/artigo_mestrado/1A.P_MOVER/simulacao/ref2561_NA_3864.txt","SPeec5","yes","ok NAB digitado! Checado","boa","parcelas","SP","contiguous",100,1,"DBH>=5.0cm",2178.84,"UC Protecao Integral",3324.71,2178.84,"Atlantic_Forest","FES","FESSm","primary",NA,"1999",2002,1111,77,"/home/danilo/Documentos/Doutorado/artigo_mestrado/paisagens_atualizadas/ref2561_NA_3864.tif",0.0999999999999999,"laplace","2",1111,3.00015001125094,9.955875054089,0.149562693155375,0.00362284
"2561","3864","/home/danilo/Documentos/Doutorado/artigo_mestrado/1A.P_MOVER/simulacao/ref2561_NA_3864.txt","SPeec5","yes","ok NAB digitado! Checado","boa","parcelas","SP","contiguous",100,1,"DBH>=5.0cm",2178.84,"UC Protecao Integral",3324.71,2178.84,"Atlantic_Forest","FES","FESSm","primary",NA,"1999",2002,1111,77,"/home/danilo/Documentos/Doutorado/artigo_mestrado/paisagens_atualizadas/ref2561_NA_3864.tif",0.0999999999999999,"laplace","2",1111,3.00015001125094,9.955875054089,0.149562693155375,0.00390367
"2561","3864","/home/danilo/Documentos/Doutorado/artigo_mestrado/1A.P_MOVER/simulacao/ref2561_NA_3864.txt","SPeec5","yes","ok NAB digitado! Checado","boa","parcelas","SP","contiguous",100,1,"DBH>=5.0cm",2178.84,"UC Protecao Integral",3324.71,2178.84,"Atlantic_Forest","FES","FESSm","primary",NA,"1999",2002,1111,77,"/home/danilo/Documentos/Doutorado/artigo_mestrado/paisagens_atualizadas/ref2561_NA_3864.tif",0.0999999999999999,"laplace","2",1111,3.00015001125094,9.955875054089,0.149562693155375,0.00360055
"2561","3864","/home/danilo/Documentos/Doutorado/artigo_mestrado/1A.P_MOVER/simulacao/ref2561_NA_3864.txt","SPeec5","yes","ok NAB digitado! Checado","boa","parcelas","SP","contiguous",100,1,"DBH>=5.0cm",2178.84,"UC Protecao Integral",3324.71,2178.84,"Atlantic_Forest","FES","FESSm","primary",NA,"1999",2002,1111,77,"/home/danilo/Documentos/Doutorado/artigo_mestrado/paisagens_atualizadas/ref2561_NA_3864.tif",0.0999999999999999,"laplace","2",1111,3.00015001125094,9.955875054089,0.149562693155375,0.00365899
"2561","3864","/home/danilo/Documentos/Doutorado/artigo_mestrado/1A.P_MOVER/simulacao/ref2561_NA_3864.txt","SPeec5","yes","ok NAB digitado! Checado","boa","parcelas","SP","contiguous",100,1,"DBH>=5.0cm",2178.84,"UC Protecao Integral",3324.71,2178.84,"Atlantic_Forest","FES","FESSm","primary",NA,"1999",2002,1111,77,"/home/danilo/Documentos/Doutorado/artigo_mestrado/paisagens_atualizadas/ref2561_NA_3864.tif",0.0999999999999999,"laplace","2",1111,3.00015001125094,9.955875054089,0.149562693155375,0.00341639
"256","347","/home/danilo/Documentos/Doutorado/artigo_mestrado/1A.P_MOVER/simulacao/ref256_NA_347.txt","MGvico3","yes","ok NAB digitado! Checado","exata","parcelas","MG","contiguous",100,1,"PBH>=15.0cm",1611.3,"universities and research centers",102.43,75,"Atlantic_Forest","FES","FESSm","primary/secondary",70,"1995",2001,1639,121,"/home/danilo/Documentos/Doutorado/artigo_mestrado/paisagens_atualizadas/ref256_NA_347.tif",0.0999999999999999,"laplace","2",1639,2.47007717876719,8.20642539010277,0.225819978230555,0.00957412
"256","347","/home/danilo/Documentos/Doutorado/artigo_mestrado/1A.P_MOVER/simulacao/ref256_NA_347.txt","MGvico3","yes","ok NAB digitado! Checado","exata","parcelas","MG","contiguous",100,1,"PBH>=15.0cm",1611.3,"universities and research centers",102.43,75,"Atlantic_Forest","FES","FESSm","primary/secondary",70,"1995",2001,1639,121,"/home/danilo/Documentos/Doutorado/artigo_mestrado/paisagens_atualizadas/ref256_NA_347.tif",0.0999999999999999,"laplace","2",1639,2.47007717876719,8.20642539010277,0.225819978230555,0.00950125
"256","347","/home/danilo/Documentos/Doutorado/artigo_mestrado/1A.P_MOVER/simulacao/ref256_NA_347.txt","MGvico3","yes","ok NAB digitado! Checado","exata","parcelas","MG","contiguous",100,1,"PBH>=15.0cm",1611.3,"universities and research centers",102.43,75,"Atlantic_Forest","FES","FESSm","primary/secondary",70,"1995",2001,1639,121,"/home/danilo/Documentos/Doutorado/artigo_mestrado/paisagens_atualizadas/ref256_NA_347.tif",0.0999999999999999,"laplace","2",1639,2.47007717876719,8.20642539010277,0.225819978230555,0.00975758
"256","347","/home/danilo/Documentos/Doutorado/artigo_mestrado/1A.P_MOVER/simulacao/ref256_NA_347.txt","MGvico3","yes","ok NAB digitado! Checado","exata","parcelas","MG","contiguous",100,1,"PBH>=15.0cm",1611.3,"universities and research centers",102.43,75,"Atlantic_Forest","FES","FESSm","primary/secondary",70,"1995",2001,1639,121,"/home/danilo/Documentos/Doutorado/artigo_mestrado/paisagens_atualizadas/ref256_NA_347.tif",0.0999999999999999,"laplace","2",1639,2.47007717876719,8.20642539010277,0.225819978230555,0.00947221
"256","347","/home/danilo/Documentos/Doutorado/artigo_mestrado/1A.P_MOVER/simulacao/ref256_NA_347.txt","MGvico3","yes","ok NAB digitado! Checado","exata","parcelas","MG","contiguous",100,1,"PBH>=15.0cm",1611.3,"universities and research centers",102.43,75,"Atlantic_Forest","FES","FESSm","primary/secondary",70,"1995",2001,1639,121,"/home/danilo/Documentos/Doutorado/artigo_mestrado/paisagens_atualizadas/ref256_NA_347.tif",0.0999999999999999,"laplace","2",1639,2.47007717876719,8.20642539010277,0.225819978230555,0.00958014
"256","347","/home/danilo/Documentos/Doutorado/artigo_mestrado/1A.P_MOVER/simulacao/ref256_NA_347.txt","MGvico3","yes","ok NAB digitado! Checado","exata","parcelas","MG","contiguous",100,1,"PBH>=15.0cm",1611.3,"universities and research centers",102.43,75,"Atlantic_Forest","FES","FESSm","primary/secondary",70,"1995",2001,1639,121,"/home/danilo/Documentos/Doutorado/artigo_mestrado/paisagens_atualizadas/ref256_NA_347.tif",0.0999999999999999,"laplace","2",1639,2.47007717876719,8.20642539010277,0.225819978230555,0.00898247
"256","347","/home/danilo/Documentos/Doutorado/artigo_mestrado/1A.P_MOVER/simulacao/ref256_NA_347.txt","MGvico3","yes","ok NAB digitado! Checado","exata","parcelas","MG","contiguous",100,1,"PBH>=15.0cm",1611.3,"universities and research centers",102.43,75,"Atlantic_Forest","FES","FESSm","primary/secondary",70,"1995",2001,1639,121,"/home/danilo/Documentos/Doutorado/artigo_mestrado/paisagens_atualizadas/ref256_NA_347.tif",0.0999999999999999,"laplace","2",1639,2.47007717876719,8.20642539010277,0.225819978230555,0.00915507
"256","347","/home/danilo/Documentos/Doutorado/artigo_mestrado/1A.P_MOVER/simulacao/ref256_NA_347.txt","MGvico3","yes","ok NAB digitado! Checado","exata","parcelas","MG","contiguous",100,1,"PBH>=15.0cm",1611.3,"universities and research centers",102.43,75,"Atlantic_Forest","FES","FESSm","primary/secondary",70,"1995",2001,1639,121,"/home/danilo/Documentos/Doutorado/artigo_mestrado/paisagens_atualizadas/ref256_NA_347.tif",0.0999999999999999,"laplace","2",1639,2.47007717876719,8.20642539010277,0.225819978230555,0.00917316
"256","347","/home/danilo/Documentos/Doutorado/artigo_mestrado/1A.P_MOVER/simulacao/ref256_NA_347.txt","MGvico3","yes","ok NAB digitado! Checado","exata","parcelas","MG","contiguous",100,1,"PBH>=15.0cm",1611.3,"universities and research centers",102.43,75,"Atlantic_Forest","FES","FESSm","primary/secondary",70,"1995",2001,1639,121,"/home/danilo/Documentos/Doutorado/artigo_mestrado/paisagens_atualizadas/ref256_NA_347.tif",0.0999999999999999,"laplace","2",1639,2.47007717876719,8.20642539010277,0.225819978230555,0.00971242
"256","347","/home/danilo/Documentos/Doutorado/artigo_mestrado/1A.P_MOVER/simulacao/ref256_NA_347.txt","MGvico3","yes","ok NAB digitado! Checado","exata","parcelas","MG","contiguous",100,1,"PBH>=15.0cm",1611.3,"universities and research centers",102.43,75,"Atlantic_Forest","FES","FESSm","primary/secondary",70,"1995",2001,1639,121,"/home/danilo/Documentos/Doutorado/artigo_mestrado/paisagens_atualizadas/ref256_NA_347.tif",0.0999999999999999,"laplace","2",1639,2.47007717876719,8.20642539010277,0.225819978230555,0.00933963
"2570","3876","/home/danilo/Documentos/Doutorado/artigo_mestrado/1A.P_MOVER/simulacao/ref2570_NA_3876.txt","MSdour","yes","ok NAB digitado! Checado","precisa","parcelas","MS","contiguous",100,1,"PBH>=15.0cm",NA,"private",80,80,"Atlantic_Forest","FES","FESSm","primary/secondary",NA,NA,2007,1046,124,"/home/danilo/Documentos/Doutorado/artigo_mestrado/paisagens_atualizadas/ref2570_NA_3876.tif",0.0999999999999999,"laplace","2",1046,3.09196207051553,10.2629709611071,0.0559737199842115,0.0126232
"2570","3876","/home/danilo/Documentos/Doutorado/artigo_mestrado/1A.P_MOVER/simulacao/ref2570_NA_3876.txt","MSdour","yes","ok NAB digitado! Checado","precisa","parcelas","MS","contiguous",100,1,"PBH>=15.0cm",NA,"private",80,80,"Atlantic_Forest","FES","FESSm","primary/secondary",NA,NA,2007,1046,124,"/home/danilo/Documentos/Doutorado/artigo_mestrado/paisagens_atualizadas/ref2570_NA_3876.tif",0.0999999999999999,"laplace","2",1046,3.09196207051553,10.2629709611071,0.0559737199842115,0.0113155
"2570","3876","/home/danilo/Documentos/Doutorado/artigo_mestrado/1A.P_MOVER/simulacao/ref2570_NA_3876.txt","MSdour","yes","ok NAB digitado! Checado","precisa","parcelas","MS","contiguous",100,1,"PBH>=15.0cm",NA,"private",80,80,"Atlantic_Forest","FES","FESSm","primary/secondary",NA,NA,2007,1046,124,"/home/danilo/Documentos/Doutorado/artigo_mestrado/paisagens_atualizadas/ref2570_NA_3876.tif",0.0999999999999999,"laplace","2",1046,3.09196207051553,10.2629709611071,0.0559737199842115,0.0123903
"2570","3876","/home/danilo/Documentos/Doutorado/artigo_mestrado/1A.P_MOVER/simulacao/ref2570_NA_3876.txt","MSdour","yes","ok NAB digitado! Checado","precisa","parcelas","MS","contiguous",100,1,"PBH>=15.0cm",NA,"private",80,80,"Atlantic_Forest","FES","FESSm","primary/secondary",NA,NA,2007,1046,124,"/home/danilo/Documentos/Doutorado/artigo_mestrado/paisagens_atualizadas/ref2570_NA_3876.tif",0.0999999999999999,"laplace","2",1046,3.09196207051553,10.2629709611071,0.0559737199842115,0.0119758
"2570","3876","/home/danilo/Documentos/Doutorado/artigo_mestrado/1A.P_MOVER/simulacao/ref2570_NA_3876.txt","MSdour","yes","ok NAB digitado! Checado","precisa","parcelas","MS","contiguous",100,1,"PBH>=15.0cm",NA,"private",80,80,"Atlantic_Forest","FES","FESSm","primary/secondary",NA,NA,2007,1046,124,"/home/danilo/Documentos/Doutorado/artigo_mestrado/paisagens_atualizadas/ref2570_NA_3876.tif",0.0999999999999999,"laplace","2",1046,3.09196207051553,10.2629709611071,0.0559737199842115,0.0115556
"2570","3876","/home/danilo/Documentos/Doutorado/artigo_mestrado/1A.P_MOVER/simulacao/ref2570_NA_3876.txt","MSdour","yes","ok NAB digitado! Checado","precisa","parcelas","MS","contiguous",100,1,"PBH>=15.0cm",NA,"private",80,80,"Atlantic_Forest","FES","FESSm","primary/secondary",NA,NA,2007,1046,124,"/home/danilo/Documentos/Doutorado/artigo_mestrado/paisagens_atualizadas/ref2570_NA_3876.tif",0.0999999999999999,"laplace","2",1046,3.09196207051553,10.2629709611071,0.0559737199842115,0.0119815
"2570","3876","/home/danilo/Documentos/Doutorado/artigo_mestrado/1A.P_MOVER/simulacao/ref2570_NA_3876.txt","MSdour","yes","ok NAB digitado! Checado","precisa","parcelas","MS","contiguous",100,1,"PBH>=15.0cm",NA,"private",80,80,"Atlantic_Forest","FES","FESSm","primary/secondary",NA,NA,2007,1046,124,"/home/danilo/Documentos/Doutorado/artigo_mestrado/paisagens_atualizadas/ref2570_NA_3876.tif",0.0999999999999999,"laplace","2",1046,3.09196207051553,10.2629709611071,0.0559737199842115,0.0122435
"2570","3876","/home/danilo/Documentos/Doutorado/artigo_mestrado/1A.P_MOVER/simulacao/ref2570_NA_3876.txt","MSdour","yes","ok NAB digitado! Checado","precisa","parcelas","MS","contiguous",100,1,"PBH>=15.0cm",NA,"private",80,80,"Atlantic_Forest","FES","FESSm","primary/secondary",NA,NA,2007,1046,124,"/home/danilo/Documentos/Doutorado/artigo_mestrado/paisagens_atualizadas/ref2570_NA_3876.tif",0.0999999999999999,"laplace","2",1046,3.09196207051553,10.2629709611071,0.0559737199842115,0.0123091
"2570","3876","/home/danilo/Documentos/Doutorado/artigo_mestrado/1A.P_MOVER/simulacao/ref2570_NA_3876.txt","MSdour","yes","ok NAB digitado! Checado","precisa","parcelas","MS","contiguous",100,1,"PBH>=15.0cm",NA,"private",80,80,"Atlantic_Forest","FES","FESSm","primary/secondary",NA,NA,2007,1046,124,"/home/danilo/Documentos/Doutorado/artigo_mestrado/paisagens_atualizadas/ref2570_NA_3876.tif",0.0999999999999999,"laplace","2",1046,3.09196207051553,10.2629709611071,0.0559737199842115,0.0119758
"2570","3876","/home/danilo/Documentos/Doutorado/artigo_mestrado/1A.P_MOVER/simulacao/ref2570_NA_3876.txt","MSdour","yes","ok NAB digitado! Checado","precisa","parcelas","MS","contiguous",100,1,"PBH>=15.0cm",NA,"private",80,80,"Atlantic_Forest","FES","FESSm","primary/secondary",NA,NA,2007,1046,124,"/home/danilo/Documentos/Doutorado/artigo_mestrado/paisagens_atualizadas/ref2570_NA_3876.tif",0.0999999999999999,"laplace","2",1046,3.09196207051553,10.2629709611071,0.0559737199842115,0.012282
"2572","3878","/home/danilo/Documentos/Doutorado/artigo_mestrado/1A.P_MOVER/simulacao/ref2572_NA_3878.txt","SCside1","yes","ok NAB digitado! Checado","precisa","parcelas","SC","contiguous",100,1,"DBH>=5.0cm",NA,"private",179.61,NA,"Atlantic_Forest","FOD","FODSm","primary",NA,"2005",2005,1417,115,"/home/danilo/Documentos/Doutorado/artigo_mestrado/paisagens_atualizadas/ref2572_NA_3878.tif",0.0999999999999999,"laplace","2",1417,2.65653214180927,8.75160772433362,0.541736975387923,0.00699021
"2572","3878","/home/danilo/Documentos/Doutorado/artigo_mestrado/1A.P_MOVER/simulacao/ref2572_NA_3878.txt","SCside1","yes","ok NAB digitado! Checado","precisa","parcelas","SC","contiguous",100,1,"DBH>=5.0cm",NA,"private",179.61,NA,"Atlantic_Forest","FOD","FODSm","primary",NA,"2005",2005,1417,115,"/home/danilo/Documentos/Doutorado/artigo_mestrado/paisagens_atualizadas/ref2572_NA_3878.tif",0.0999999999999999,"laplace","2",1417,2.65653214180927,8.75160772433362,0.541736975387923,0.00665549
"2572","3878","/home/danilo/Documentos/Doutorado/artigo_mestrado/1A.P_MOVER/simulacao/ref2572_NA_3878.txt","SCside1","yes","ok NAB digitado! Checado","precisa","parcelas","SC","contiguous",100,1,"DBH>=5.0cm",NA,"private",179.61,NA,"Atlantic_Forest","FOD","FODSm","primary",NA,"2005",2005,1417,115,"/home/danilo/Documentos/Doutorado/artigo_mestrado/paisagens_atualizadas/ref2572_NA_3878.tif",0.0999999999999999,"laplace","2",1417,2.65653214180927,8.75160772433362,0.541736975387923,0.00703054
"2572","3878","/home/danilo/Documentos/Doutorado/artigo_mestrado/1A.P_MOVER/simulacao/ref2572_NA_3878.txt","SCside1","yes","ok NAB digitado! Checado","precisa","parcelas","SC","contiguous",100,1,"DBH>=5.0cm",NA,"private",179.61,NA,"Atlantic_Forest","FOD","FODSm","primary",NA,"2005",2005,1417,115,"/home/danilo/Documentos/Doutorado/artigo_mestrado/paisagens_atualizadas/ref2572_NA_3878.tif",0.0999999999999999,"laplace","2",1417,2.65653214180927,8.75160772433362,0.541736975387923,0.00744604
"2572","3878","/home/danilo/Documentos/Doutorado/artigo_mestrado/1A.P_MOVER/simulacao/ref2572_NA_3878.txt","SCside1","yes","ok NAB digitado! Checado","precisa","parcelas","SC","contiguous",100,1,"DBH>=5.0cm",NA,"private",179.61,NA,"Atlantic_Forest","FOD","FODSm","primary",NA,"2005",2005,1417,115,"/home/danilo/Documentos/Doutorado/artigo_mestrado/paisagens_atualizadas/ref2572_NA_3878.tif",0.0999999999999999,"laplace","2",1417,2.65653214180927,8.75160772433362,0.541736975387923,0.00711906
"2572","3878","/home/danilo/Documentos/Doutorado/artigo_mestrado/1A.P_MOVER/simulacao/ref2572_NA_3878.txt","SCside1","yes","ok NAB digitado! Checado","precisa","parcelas","SC","contiguous",100,1,"DBH>=5.0cm",NA,"private",179.61,NA,"Atlantic_Forest","FOD","FODSm","primary",NA,"2005",2005,1417,115,"/home/danilo/Documentos/Doutorado/artigo_mestrado/paisagens_atualizadas/ref2572_NA_3878.tif",0.0999999999999999,"laplace","2",1417,2.65653214180927,8.75160772433362,0.541736975387923,0.00670111
"2572","3878","/home/danilo/Documentos/Doutorado/artigo_mestrado/1A.P_MOVER/simulacao/ref2572_NA_3878.txt","SCside1","yes","ok NAB digitado! Checado","precisa","parcelas","SC","contiguous",100,1,"DBH>=5.0cm",NA,"private",179.61,NA,"Atlantic_Forest","FOD","FODSm","primary",NA,"2005",2005,1417,115,"/home/danilo/Documentos/Doutorado/artigo_mestrado/paisagens_atualizadas/ref2572_NA_3878.tif",0.0999999999999999,"laplace","2",1417,2.65653214180927,8.75160772433362,0.541736975387923,0.00739556
"2572","3878","/home/danilo/Documentos/Doutorado/artigo_mestrado/1A.P_MOVER/simulacao/ref2572_NA_3878.txt","SCside1","yes","ok NAB digitado! Checado","precisa","parcelas","SC","contiguous",100,1,"DBH>=5.0cm",NA,"private",179.61,NA,"Atlantic_Forest","FOD","FODSm","primary",NA,"2005",2005,1417,115,"/home/danilo/Documentos/Doutorado/artigo_mestrado/paisagens_atualizadas/ref2572_NA_3878.tif",0.0999999999999999,"laplace","2",1417,2.65653214180927,8.75160772433362,0.541736975387923,0.0070322
"2572","3878","/home/danilo/Documentos/Doutorado/artigo_mestrado/1A.P_MOVER/simulacao/ref2572_NA_3878.txt","SCside1","yes","ok NAB digitado! Checado","precisa","parcelas","SC","contiguous",100,1,"DBH>=5.0cm",NA,"private",179.61,NA,"Atlantic_Forest","FOD","FODSm","primary",NA,"2005",2005,1417,115,"/home/danilo/Documentos/Doutorado/artigo_mestrado/paisagens_atualizadas/ref2572_NA_3878.tif",0.0999999999999999,"laplace","2",1417,2.65653214180927,8.75160772433362,0.541736975387923,0.00683883
"2572","3878","/home/danilo/Documentos/Doutorado/artigo_mestrado/1A.P_MOVER/simulacao/ref2572_NA_3878.txt","SCside1","yes","ok NAB digitado! Checado","precisa","parcelas","SC","contiguous",100,1,"DBH>=5.0cm",NA,"private",179.61,NA,"Atlantic_Forest","FOD","FODSm","primary",NA,"2005",2005,1417,115,"/home/danilo/Documentos/Doutorado/artigo_mestrado/paisagens_atualizadas/ref2572_NA_3878.tif",0.0999999999999999,"laplace","2",1417,2.65653214180927,8.75160772433362,0.541736975387923,0.00717136
"257","348","/home/danilo/Documentos/Doutorado/artigo_mestrado/1A.P_MOVER/simulacao/ref257_NA_348.txt","MGvico16","yes","ok NAB digitado! Checado","exata","parcelas","MG","contiguous",100,1,"PBH>=15.0cm",1611.3,"universities and research centers",102.43,75,"Atlantic_Forest","FES","FESM","primary/secondary",78,NA,2000,1653,91,"/home/danilo/Documentos/Doutorado/artigo_mestrado/paisagens_atualizadas/ref257_NA_348.tif",0.0999999999999999,"laplace","2",1653,2.45959483971641,8.16634605399307,0.229848626609879,0.00894584
"257","348","/home/danilo/Documentos/Doutorado/artigo_mestrado/1A.P_MOVER/simulacao/ref257_NA_348.txt","MGvico16","yes","ok NAB digitado! Checado","exata","parcelas","MG","contiguous",100,1,"PBH>=15.0cm",1611.3,"universities and research centers",102.43,75,"Atlantic_Forest","FES","FESM","primary/secondary",78,NA,2000,1653,91,"/home/danilo/Documentos/Doutorado/artigo_mestrado/paisagens_atualizadas/ref257_NA_348.tif",0.0999999999999999,"laplace","2",1653,2.45959483971641,8.16634605399307,0.229848626609879,0.00888257
"257","348","/home/danilo/Documentos/Doutorado/artigo_mestrado/1A.P_MOVER/simulacao/ref257_NA_348.txt","MGvico16","yes","ok NAB digitado! Checado","exata","parcelas","MG","contiguous",100,1,"PBH>=15.0cm",1611.3,"universities and research centers",102.43,75,"Atlantic_Forest","FES","FESM","primary/secondary",78,NA,2000,1653,91,"/home/danilo/Documentos/Doutorado/artigo_mestrado/paisagens_atualizadas/ref257_NA_348.tif",0.0999999999999999,"laplace","2",1653,2.45959483971641,8.16634605399307,0.229848626609879,0.00870609
"257","348","/home/danilo/Documentos/Doutorado/artigo_mestrado/1A.P_MOVER/simulacao/ref257_NA_348.txt","MGvico16","yes","ok NAB digitado! Checado","exata","parcelas","MG","contiguous",100,1,"PBH>=15.0cm",1611.3,"universities and research centers",102.43,75,"Atlantic_Forest","FES","FESM","primary/secondary",78,NA,2000,1653,91,"/home/danilo/Documentos/Doutorado/artigo_mestrado/paisagens_atualizadas/ref257_NA_348.tif",0.0999999999999999,"laplace","2",1653,2.45959483971641,8.16634605399307,0.229848626609879,0.00892281
"257","348","/home/danilo/Documentos/Doutorado/artigo_mestrado/1A.P_MOVER/simulacao/ref257_NA_348.txt","MGvico16","yes","ok NAB digitado! Checado","exata","parcelas","MG","contiguous",100,1,"PBH>=15.0cm",1611.3,"universities and research centers",102.43,75,"Atlantic_Forest","FES","FESM","primary/secondary",78,NA,2000,1653,91,"/home/danilo/Documentos/Doutorado/artigo_mestrado/paisagens_atualizadas/ref257_NA_348.tif",0.0999999999999999,"laplace","2",1653,2.45959483971641,8.16634605399307,0.229848626609879,0.00921029
"257","348","/home/danilo/Documentos/Doutorado/artigo_mestrado/1A.P_MOVER/simulacao/ref257_NA_348.txt","MGvico16","yes","ok NAB digitado! Checado","exata","parcelas","MG","contiguous",100,1,"PBH>=15.0cm",1611.3,"universities and research centers",102.43,75,"Atlantic_Forest","FES","FESM","primary/secondary",78,NA,2000,1653,91,"/home/danilo/Documentos/Doutorado/artigo_mestrado/paisagens_atualizadas/ref257_NA_348.tif",0.0999999999999999,"laplace","2",1653,2.45959483971641,8.16634605399307,0.229848626609879,0.00883224
"257","348","/home/danilo/Documentos/Doutorado/artigo_mestrado/1A.P_MOVER/simulacao/ref257_NA_348.txt","MGvico16","yes","ok NAB digitado! Checado","exata","parcelas","MG","contiguous",100,1,"PBH>=15.0cm",1611.3,"universities and research centers",102.43,75,"Atlantic_Forest","FES","FESM","primary/secondary",78,NA,2000,1653,91,"/home/danilo/Documentos/Doutorado/artigo_mestrado/paisagens_atualizadas/ref257_NA_348.tif",0.0999999999999999,"laplace","2",1653,2.45959483971641,8.16634605399307,0.229848626609879,0.00900151
"257","348","/home/danilo/Documentos/Doutorado/artigo_mestrado/1A.P_MOVER/simulacao/ref257_NA_348.txt","MGvico16","yes","ok NAB digitado! Checado","exata","parcelas","MG","contiguous",100,1,"PBH>=15.0cm",1611.3,"universities and research centers",102.43,75,"Atlantic_Forest","FES","FESM","primary/secondary",78,NA,2000,1653,91,"/home/danilo/Documentos/Doutorado/artigo_mestrado/paisagens_atualizadas/ref257_NA_348.tif",0.0999999999999999,"laplace","2",1653,2.45959483971641,8.16634605399307,0.229848626609879,0.00920625
"257","348","/home/danilo/Documentos/Doutorado/artigo_mestrado/1A.P_MOVER/simulacao/ref257_NA_348.txt","MGvico16","yes","ok NAB digitado! Checado","exata","parcelas","MG","contiguous",100,1,"PBH>=15.0cm",1611.3,"universities and research centers",102.43,75,"Atlantic_Forest","FES","FESM","primary/secondary",78,NA,2000,1653,91,"/home/danilo/Documentos/Doutorado/artigo_mestrado/paisagens_atualizadas/ref257_NA_348.tif",0.0999999999999999,"laplace","2",1653,2.45959483971641,8.16634605399307,0.229848626609879,0.00902013
"257","348","/home/danilo/Documentos/Doutorado/artigo_mestrado/1A.P_MOVER/simulacao/ref257_NA_348.txt","MGvico16","yes","ok NAB digitado! Checado","exata","parcelas","MG","contiguous",100,1,"PBH>=15.0cm",1611.3,"universities and research centers",102.43,75,"Atlantic_Forest","FES","FESM","primary/secondary",78,NA,2000,1653,91,"/home/danilo/Documentos/Doutorado/artigo_mestrado/paisagens_atualizadas/ref257_NA_348.tif",0.0999999999999999,"laplace","2",1653,2.45959483971641,8.16634605399307,0.229848626609879,0.00893052
"2645","3979","/home/danilo/Documentos/Doutorado/artigo_mestrado/1A.P_MOVER/simulacao/ref2645_NA_3979.txt","SPpesmL","yes","ok NAB digitado! Checado","exata","parcelas","SP","contiguous",100,1,"PBH>=15.0cm",315390,"UC Protecao Integral",83400,NA,"Atlantic_Forest","FOD","FODM","secondary",NA,"2014",2015,1596,175,"/home/danilo/Documentos/Doutorado/artigo_mestrado/paisagens_atualizadas/ref2645_NA_3979.tif",0.0999999999999999,"laplace","2",1596,2.50313087160879,8.39652435986114,0.912596531104172,0.00720391
"2645","3979","/home/danilo/Documentos/Doutorado/artigo_mestrado/1A.P_MOVER/simulacao/ref2645_NA_3979.txt","SPpesmL","yes","ok NAB digitado! Checado","exata","parcelas","SP","contiguous",100,1,"PBH>=15.0cm",315390,"UC Protecao Integral",83400,NA,"Atlantic_Forest","FOD","FODM","secondary",NA,"2014",2015,1596,175,"/home/danilo/Documentos/Doutorado/artigo_mestrado/paisagens_atualizadas/ref2645_NA_3979.tif",0.0999999999999999,"laplace","2",1596,2.50313087160879,8.39652435986114,0.912596531104172,0.00709376
"2645","3979","/home/danilo/Documentos/Doutorado/artigo_mestrado/1A.P_MOVER/simulacao/ref2645_NA_3979.txt","SPpesmL","yes","ok NAB digitado! Checado","exata","parcelas","SP","contiguous",100,1,"PBH>=15.0cm",315390,"UC Protecao Integral",83400,NA,"Atlantic_Forest","FOD","FODM","secondary",NA,"2014",2015,1596,175,"/home/danilo/Documentos/Doutorado/artigo_mestrado/paisagens_atualizadas/ref2645_NA_3979.tif",0.0999999999999999,"laplace","2",1596,2.50313087160879,8.39652435986114,0.912596531104172,0.00808531
"2645","3979","/home/danilo/Documentos/Doutorado/artigo_mestrado/1A.P_MOVER/simulacao/ref2645_NA_3979.txt","SPpesmL","yes","ok NAB digitado! Checado","exata","parcelas","SP","contiguous",100,1,"PBH>=15.0cm",315390,"UC Protecao Integral",83400,NA,"Atlantic_Forest","FOD","FODM","secondary",NA,"2014",2015,1596,175,"/home/danilo/Documentos/Doutorado/artigo_mestrado/paisagens_atualizadas/ref2645_NA_3979.tif",0.0999999999999999,"laplace","2",1596,2.50313087160879,8.39652435986114,0.912596531104172,0.00617617
"2645","3979","/home/danilo/Documentos/Doutorado/artigo_mestrado/1A.P_MOVER/simulacao/ref2645_NA_3979.txt","SPpesmL","yes","ok NAB digitado! Checado","exata","parcelas","SP","contiguous",100,1,"PBH>=15.0cm",315390,"UC Protecao Integral",83400,NA,"Atlantic_Forest","FOD","FODM","secondary",NA,"2014",2015,1596,175,"/home/danilo/Documentos/Doutorado/artigo_mestrado/paisagens_atualizadas/ref2645_NA_3979.tif",0.0999999999999999,"laplace","2",1596,2.50313087160879,8.39652435986114,0.912596531104172,0.00695938
"2645","3979","/home/danilo/Documentos/Doutorado/artigo_mestrado/1A.P_MOVER/simulacao/ref2645_NA_3979.txt","SPpesmL","yes","ok NAB digitado! Checado","exata","parcelas","SP","contiguous",100,1,"PBH>=15.0cm",315390,"UC Protecao Integral",83400,NA,"Atlantic_Forest","FOD","FODM","secondary",NA,"2014",2015,1596,175,"/home/danilo/Documentos/Doutorado/artigo_mestrado/paisagens_atualizadas/ref2645_NA_3979.tif",0.0999999999999999,"laplace","2",1596,2.50313087160879,8.39652435986114,0.912596531104172,0.00739707
"2645","3979","/home/danilo/Documentos/Doutorado/artigo_mestrado/1A.P_MOVER/simulacao/ref2645_NA_3979.txt","SPpesmL","yes","ok NAB digitado! Checado","exata","parcelas","SP","contiguous",100,1,"PBH>=15.0cm",315390,"UC Protecao Integral",83400,NA,"Atlantic_Forest","FOD","FODM","secondary",NA,"2014",2015,1596,175,"/home/danilo/Documentos/Doutorado/artigo_mestrado/paisagens_atualizadas/ref2645_NA_3979.tif",0.0999999999999999,"laplace","2",1596,2.50313087160879,8.39652435986114,0.912596531104172,0.00686495
"2645","3979","/home/danilo/Documentos/Doutorado/artigo_mestrado/1A.P_MOVER/simulacao/ref2645_NA_3979.txt","SPpesmL","yes","ok NAB digitado! Checado","exata","parcelas","SP","contiguous",100,1,"PBH>=15.0cm",315390,"UC Protecao Integral",83400,NA,"Atlantic_Forest","FOD","FODM","secondary",NA,"2014",2015,1596,175,"/home/danilo/Documentos/Doutorado/artigo_mestrado/paisagens_atualizadas/ref2645_NA_3979.tif",0.0999999999999999,"laplace","2",1596,2.50313087160879,8.39652435986114,0.912596531104172,0.00801622
"2645","3979","/home/danilo/Documentos/Doutorado/artigo_mestrado/1A.P_MOVER/simulacao/ref2645_NA_3979.txt","SPpesmL","yes","ok NAB digitado! Checado","exata","parcelas","SP","contiguous",100,1,"PBH>=15.0cm",315390,"UC Protecao Integral",83400,NA,"Atlantic_Forest","FOD","FODM","secondary",NA,"2014",2015,1596,175,"/home/danilo/Documentos/Doutorado/artigo_mestrado/paisagens_atualizadas/ref2645_NA_3979.tif",0.0999999999999999,"laplace","2",1596,2.50313087160879,8.39652435986114,0.912596531104172,0.00670206
"2645","3979","/home/danilo/Documentos/Doutorado/artigo_mestrado/1A.P_MOVER/simulacao/ref2645_NA_3979.txt","SPpesmL","yes","ok NAB digitado! Checado","exata","parcelas","SP","contiguous",100,1,"PBH>=15.0cm",315390,"UC Protecao Integral",83400,NA,"Atlantic_Forest","FOD","FODM","secondary",NA,"2014",2015,1596,175,"/home/danilo/Documentos/Doutorado/artigo_mestrado/paisagens_atualizadas/ref2645_NA_3979.tif",0.0999999999999999,"laplace","2",1596,2.50313087160879,8.39652435986114,0.912596531104172,0.00701092
"2650","3984","/home/danilo/Documentos/Doutorado/artigo_mestrado/1A.P_MOVER/simulacao/ref2650_NA_3984.txt","SPpesmS","yes","ok NAB digitado! Checado","exata","parcelas","SP","contiguous",4,1,"PBH>=15.0cm",315390,"UC Protecao Integral",83400,NA,"Atlantic_Forest","FOD","FODAm","primary",NA,"2015",2016,2184,141,"/home/danilo/Documentos/Doutorado/artigo_mestrado/paisagens_atualizadas/ref2650_NA_3984.tif",0.0999999999999999,"laplace","2",2184,2.13980246255456,7.14503478656433,0.738391367244256,0.00298811
"2650","3984","/home/danilo/Documentos/Doutorado/artigo_mestrado/1A.P_MOVER/simulacao/ref2650_NA_3984.txt","SPpesmS","yes","ok NAB digitado! Checado","exata","parcelas","SP","contiguous",4,1,"PBH>=15.0cm",315390,"UC Protecao Integral",83400,NA,"Atlantic_Forest","FOD","FODAm","primary",NA,"2015",2016,2184,141,"/home/danilo/Documentos/Doutorado/artigo_mestrado/paisagens_atualizadas/ref2650_NA_3984.tif",0.0999999999999999,"laplace","2",2184,2.13980246255456,7.14503478656433,0.738391367244256,0.00287047
"2650","3984","/home/danilo/Documentos/Doutorado/artigo_mestrado/1A.P_MOVER/simulacao/ref2650_NA_3984.txt","SPpesmS","yes","ok NAB digitado! Checado","exata","parcelas","SP","contiguous",4,1,"PBH>=15.0cm",315390,"UC Protecao Integral",83400,NA,"Atlantic_Forest","FOD","FODAm","primary",NA,"2015",2016,2184,141,"/home/danilo/Documentos/Doutorado/artigo_mestrado/paisagens_atualizadas/ref2650_NA_3984.tif",0.0999999999999999,"laplace","2",2184,2.13980246255456,7.14503478656433,0.738391367244256,0.00273215
"2650","3984","/home/danilo/Documentos/Doutorado/artigo_mestrado/1A.P_MOVER/simulacao/ref2650_NA_3984.txt","SPpesmS","yes","ok NAB digitado! Checado","exata","parcelas","SP","contiguous",4,1,"PBH>=15.0cm",315390,"UC Protecao Integral",83400,NA,"Atlantic_Forest","FOD","FODAm","primary",NA,"2015",2016,2184,141,"/home/danilo/Documentos/Doutorado/artigo_mestrado/paisagens_atualizadas/ref2650_NA_3984.tif",0.0999999999999999,"laplace","2",2184,2.13980246255456,7.14503478656433,0.738391367244256,0.0024918
"2650","3984","/home/danilo/Documentos/Doutorado/artigo_mestrado/1A.P_MOVER/simulacao/ref2650_NA_3984.txt","SPpesmS","yes","ok NAB digitado! Checado","exata","parcelas","SP","contiguous",4,1,"PBH>=15.0cm",315390,"UC Protecao Integral",83400,NA,"Atlantic_Forest","FOD","FODAm","primary",NA,"2015",2016,2184,141,"/home/danilo/Documentos/Doutorado/artigo_mestrado/paisagens_atualizadas/ref2650_NA_3984.tif",0.0999999999999999,"laplace","2",2184,2.13980246255456,7.14503478656433,0.738391367244256,0.00328424
"2650","3984","/home/danilo/Documentos/Doutorado/artigo_mestrado/1A.P_MOVER/simulacao/ref2650_NA_3984.txt","SPpesmS","yes","ok NAB digitado! Checado","exata","parcelas","SP","contiguous",4,1,"PBH>=15.0cm",315390,"UC Protecao Integral",83400,NA,"Atlantic_Forest","FOD","FODAm","primary",NA,"2015",2016,2184,141,"/home/danilo/Documentos/Doutorado/artigo_mestrado/paisagens_atualizadas/ref2650_NA_3984.tif",0.0999999999999999,"laplace","2",2184,2.13980246255456,7.14503478656433,0.738391367244256,0.00275745
"2650","3984","/home/danilo/Documentos/Doutorado/artigo_mestrado/1A.P_MOVER/simulacao/ref2650_NA_3984.txt","SPpesmS","yes","ok NAB digitado! Checado","exata","parcelas","SP","contiguous",4,1,"PBH>=15.0cm",315390,"UC Protecao Integral",83400,NA,"Atlantic_Forest","FOD","FODAm","primary",NA,"2015",2016,2184,141,"/home/danilo/Documentos/Doutorado/artigo_mestrado/paisagens_atualizadas/ref2650_NA_3984.tif",0.0999999999999999,"laplace","2",2184,2.13980246255456,7.14503478656433,0.738391367244256,0.00296625
"2650","3984","/home/danilo/Documentos/Doutorado/artigo_mestrado/1A.P_MOVER/simulacao/ref2650_NA_3984.txt","SPpesmS","yes","ok NAB digitado! Checado","exata","parcelas","SP","contiguous",4,1,"PBH>=15.0cm",315390,"UC Protecao Integral",83400,NA,"Atlantic_Forest","FOD","FODAm","primary",NA,"2015",2016,2184,141,"/home/danilo/Documentos/Doutorado/artigo_mestrado/paisagens_atualizadas/ref2650_NA_3984.tif",0.0999999999999999,"laplace","2",2184,2.13980246255456,7.14503478656433,0.738391367244256,0.00237677
"2650","3984","/home/danilo/Documentos/Doutorado/artigo_mestrado/1A.P_MOVER/simulacao/ref2650_NA_3984.txt","SPpesmS","yes","ok NAB digitado! Checado","exata","parcelas","SP","contiguous",4,1,"PBH>=15.0cm",315390,"UC Protecao Integral",83400,NA,"Atlantic_Forest","FOD","FODAm","primary",NA,"2015",2016,2184,141,"/home/danilo/Documentos/Doutorado/artigo_mestrado/paisagens_atualizadas/ref2650_NA_3984.tif",0.0999999999999999,"laplace","2",2184,2.13980246255456,7.14503478656433,0.738391367244256,0.00261464
"2650","3984","/home/danilo/Documentos/Doutorado/artigo_mestrado/1A.P_MOVER/simulacao/ref2650_NA_3984.txt","SPpesmS","yes","ok NAB digitado! Checado","exata","parcelas","SP","contiguous",4,1,"PBH>=15.0cm",315390,"UC Protecao Integral",83400,NA,"Atlantic_Forest","FOD","FODAm","primary",NA,"2015",2016,2184,141,"/home/danilo/Documentos/Doutorado/artigo_mestrado/paisagens_atualizadas/ref2650_NA_3984.tif",0.0999999999999999,"laplace","2",2184,2.13980246255456,7.14503478656433,0.738391367244256,0.00235881
"2686","4170","/home/danilo/Documentos/Doutorado/artigo_mestrado/1A.P_MOVER/simulacao/ref2686_NA_4170.txt","PRrico3","yes","ok N digitado! Checado","precisa","parcelas","PR","contiguous",66,1,"PBH>=15.0cm",1005188.39,"UC Uso Sustentavel",6,6,"Atlantic_Forest","FES","FES-Al","secondary",NA,NA,2003,1162,46,"/home/danilo/Documentos/Doutorado/artigo_mestrado/paisagens_atualizadas/ref2686_NA_4170.tif",0.0999999999999999,"laplace","2",1162,2.93357324424429,9.69737207761221,0.0563706408225724,0.00551526
"2686","4170","/home/danilo/Documentos/Doutorado/artigo_mestrado/1A.P_MOVER/simulacao/ref2686_NA_4170.txt","PRrico3","yes","ok N digitado! Checado","precisa","parcelas","PR","contiguous",66,1,"PBH>=15.0cm",1005188.39,"UC Uso Sustentavel",6,6,"Atlantic_Forest","FES","FES-Al","secondary",NA,NA,2003,1162,46,"/home/danilo/Documentos/Doutorado/artigo_mestrado/paisagens_atualizadas/ref2686_NA_4170.tif",0.0999999999999999,"laplace","2",1162,2.93357324424429,9.69737207761221,0.0563706408225724,0.00529977
"2686","4170","/home/danilo/Documentos/Doutorado/artigo_mestrado/1A.P_MOVER/simulacao/ref2686_NA_4170.txt","PRrico3","yes","ok N digitado! Checado","precisa","parcelas","PR","contiguous",66,1,"PBH>=15.0cm",1005188.39,"UC Uso Sustentavel",6,6,"Atlantic_Forest","FES","FES-Al","secondary",NA,NA,2003,1162,46,"/home/danilo/Documentos/Doutorado/artigo_mestrado/paisagens_atualizadas/ref2686_NA_4170.tif",0.0999999999999999,"laplace","2",1162,2.93357324424429,9.69737207761221,0.0563706408225724,0.00535802
"2686","4170","/home/danilo/Documentos/Doutorado/artigo_mestrado/1A.P_MOVER/simulacao/ref2686_NA_4170.txt","PRrico3","yes","ok N digitado! Checado","precisa","parcelas","PR","contiguous",66,1,"PBH>=15.0cm",1005188.39,"UC Uso Sustentavel",6,6,"Atlantic_Forest","FES","FES-Al","secondary",NA,NA,2003,1162,46,"/home/danilo/Documentos/Doutorado/artigo_mestrado/paisagens_atualizadas/ref2686_NA_4170.tif",0.0999999999999999,"laplace","2",1162,2.93357324424429,9.69737207761221,0.0563706408225724,0.00595892
"2686","4170","/home/danilo/Documentos/Doutorado/artigo_mestrado/1A.P_MOVER/simulacao/ref2686_NA_4170.txt","PRrico3","yes","ok N digitado! Checado","precisa","parcelas","PR","contiguous",66,1,"PBH>=15.0cm",1005188.39,"UC Uso Sustentavel",6,6,"Atlantic_Forest","FES","FES-Al","secondary",NA,NA,2003,1162,46,"/home/danilo/Documentos/Doutorado/artigo_mestrado/paisagens_atualizadas/ref2686_NA_4170.tif",0.0999999999999999,"laplace","2",1162,2.93357324424429,9.69737207761221,0.0563706408225724,0.00550106
"2686","4170","/home/danilo/Documentos/Doutorado/artigo_mestrado/1A.P_MOVER/simulacao/ref2686_NA_4170.txt","PRrico3","yes","ok N digitado! Checado","precisa","parcelas","PR","contiguous",66,1,"PBH>=15.0cm",1005188.39,"UC Uso Sustentavel",6,6,"Atlantic_Forest","FES","FES-Al","secondary",NA,NA,2003,1162,46,"/home/danilo/Documentos/Doutorado/artigo_mestrado/paisagens_atualizadas/ref2686_NA_4170.tif",0.0999999999999999,"laplace","2",1162,2.93357324424429,9.69737207761221,0.0563706408225724,0.00529977
"2686","4170","/home/danilo/Documentos/Doutorado/artigo_mestrado/1A.P_MOVER/simulacao/ref2686_NA_4170.txt","PRrico3","yes","ok N digitado! Checado","precisa","parcelas","PR","contiguous",66,1,"PBH>=15.0cm",1005188.39,"UC Uso Sustentavel",6,6,"Atlantic_Forest","FES","FES-Al","secondary",NA,NA,2003,1162,46,"/home/danilo/Documentos/Doutorado/artigo_mestrado/paisagens_atualizadas/ref2686_NA_4170.tif",0.0999999999999999,"laplace","2",1162,2.93357324424429,9.69737207761221,0.0563706408225724,0.00582974
"2686","4170","/home/danilo/Documentos/Doutorado/artigo_mestrado/1A.P_MOVER/simulacao/ref2686_NA_4170.txt","PRrico3","yes","ok N digitado! Checado","precisa","parcelas","PR","contiguous",66,1,"PBH>=15.0cm",1005188.39,"UC Uso Sustentavel",6,6,"Atlantic_Forest","FES","FES-Al","secondary",NA,NA,2003,1162,46,"/home/danilo/Documentos/Doutorado/artigo_mestrado/paisagens_atualizadas/ref2686_NA_4170.tif",0.0999999999999999,"laplace","2",1162,2.93357324424429,9.69737207761221,0.0563706408225724,0.00541162
"2686","4170","/home/danilo/Documentos/Doutorado/artigo_mestrado/1A.P_MOVER/simulacao/ref2686_NA_4170.txt","PRrico3","yes","ok N digitado! Checado","precisa","parcelas","PR","contiguous",66,1,"PBH>=15.0cm",1005188.39,"UC Uso Sustentavel",6,6,"Atlantic_Forest","FES","FES-Al","secondary",NA,NA,2003,1162,46,"/home/danilo/Documentos/Doutorado/artigo_mestrado/paisagens_atualizadas/ref2686_NA_4170.tif",0.0999999999999999,"laplace","2",1162,2.93357324424429,9.69737207761221,0.0563706408225724,0.00550106
"2686","4170","/home/danilo/Documentos/Doutorado/artigo_mestrado/1A.P_MOVER/simulacao/ref2686_NA_4170.txt","PRrico3","yes","ok N digitado! Checado","precisa","parcelas","PR","contiguous",66,1,"PBH>=15.0cm",1005188.39,"UC Uso Sustentavel",6,6,"Atlantic_Forest","FES","FES-Al","secondary",NA,NA,2003,1162,46,"/home/danilo/Documentos/Doutorado/artigo_mestrado/paisagens_atualizadas/ref2686_NA_4170.tif",0.0999999999999999,"laplace","2",1162,2.93357324424429,9.69737207761221,0.0563706408225724,0.00501913
"2714","4206","/home/danilo/Documentos/Doutorado/artigo_mestrado/1A.P_MOVER/simulacao/ref2714_NA_4206.txt","PRanto4","yes","ok NAB digitado! Checado","exata","parcelas","PR","contiguous",100,1,"DBH>=5.0cm",4292,"UC Uso Sustentavel",179200,8600,"Atlantic_Forest","FOD","FODSm","primary/secondary",60,"2009",2009,1922,129,"/home/danilo/Documentos/Doutorado/artigo_mestrado/paisagens_atualizadas/ref2714_NA_4206.tif",0.0999999999999999,"laplace","2",1922,2.2809896167308,7.55681036359276,0.939941500987309,0.00622304
"2714","4206","/home/danilo/Documentos/Doutorado/artigo_mestrado/1A.P_MOVER/simulacao/ref2714_NA_4206.txt","PRanto4","yes","ok NAB digitado! Checado","exata","parcelas","PR","contiguous",100,1,"DBH>=5.0cm",4292,"UC Uso Sustentavel",179200,8600,"Atlantic_Forest","FOD","FODSm","primary/secondary",60,"2009",2009,1922,129,"/home/danilo/Documentos/Doutorado/artigo_mestrado/paisagens_atualizadas/ref2714_NA_4206.tif",0.0999999999999999,"laplace","2",1922,2.2809896167308,7.55681036359276,0.939941500987309,0.0061424
"2714","4206","/home/danilo/Documentos/Doutorado/artigo_mestrado/1A.P_MOVER/simulacao/ref2714_NA_4206.txt","PRanto4","yes","ok NAB digitado! Checado","exata","parcelas","PR","contiguous",100,1,"DBH>=5.0cm",4292,"UC Uso Sustentavel",179200,8600,"Atlantic_Forest","FOD","FODSm","primary/secondary",60,"2009",2009,1922,129,"/home/danilo/Documentos/Doutorado/artigo_mestrado/paisagens_atualizadas/ref2714_NA_4206.tif",0.0999999999999999,"laplace","2",1922,2.2809896167308,7.55681036359276,0.939941500987309,0.00620348
"2714","4206","/home/danilo/Documentos/Doutorado/artigo_mestrado/1A.P_MOVER/simulacao/ref2714_NA_4206.txt","PRanto4","yes","ok NAB digitado! Checado","exata","parcelas","PR","contiguous",100,1,"DBH>=5.0cm",4292,"UC Uso Sustentavel",179200,8600,"Atlantic_Forest","FOD","FODSm","primary/secondary",60,"2009",2009,1922,129,"/home/danilo/Documentos/Doutorado/artigo_mestrado/paisagens_atualizadas/ref2714_NA_4206.tif",0.0999999999999999,"laplace","2",1922,2.2809896167308,7.55681036359276,0.939941500987309,0.00592705
"2714","4206","/home/danilo/Documentos/Doutorado/artigo_mestrado/1A.P_MOVER/simulacao/ref2714_NA_4206.txt","PRanto4","yes","ok NAB digitado! Checado","exata","parcelas","PR","contiguous",100,1,"DBH>=5.0cm",4292,"UC Uso Sustentavel",179200,8600,"Atlantic_Forest","FOD","FODSm","primary/secondary",60,"2009",2009,1922,129,"/home/danilo/Documentos/Doutorado/artigo_mestrado/paisagens_atualizadas/ref2714_NA_4206.tif",0.0999999999999999,"laplace","2",1922,2.2809896167308,7.55681036359276,0.939941500987309,0.00620074
"2714","4206","/home/danilo/Documentos/Doutorado/artigo_mestrado/1A.P_MOVER/simulacao/ref2714_NA_4206.txt","PRanto4","yes","ok NAB digitado! Checado","exata","parcelas","PR","contiguous",100,1,"DBH>=5.0cm",4292,"UC Uso Sustentavel",179200,8600,"Atlantic_Forest","FOD","FODSm","primary/secondary",60,"2009",2009,1922,129,"/home/danilo/Documentos/Doutorado/artigo_mestrado/paisagens_atualizadas/ref2714_NA_4206.tif",0.0999999999999999,"laplace","2",1922,2.2809896167308,7.55681036359276,0.939941500987309,0.00598189
"2714","4206","/home/danilo/Documentos/Doutorado/artigo_mestrado/1A.P_MOVER/simulacao/ref2714_NA_4206.txt","PRanto4","yes","ok NAB digitado! Checado","exata","parcelas","PR","contiguous",100,1,"DBH>=5.0cm",4292,"UC Uso Sustentavel",179200,8600,"Atlantic_Forest","FOD","FODSm","primary/secondary",60,"2009",2009,1922,129,"/home/danilo/Documentos/Doutorado/artigo_mestrado/paisagens_atualizadas/ref2714_NA_4206.tif",0.0999999999999999,"laplace","2",1922,2.2809896167308,7.55681036359276,0.939941500987309,0.00601876
"2714","4206","/home/danilo/Documentos/Doutorado/artigo_mestrado/1A.P_MOVER/simulacao/ref2714_NA_4206.txt","PRanto4","yes","ok NAB digitado! Checado","exata","parcelas","PR","contiguous",100,1,"DBH>=5.0cm",4292,"UC Uso Sustentavel",179200,8600,"Atlantic_Forest","FOD","FODSm","primary/secondary",60,"2009",2009,1922,129,"/home/danilo/Documentos/Doutorado/artigo_mestrado/paisagens_atualizadas/ref2714_NA_4206.tif",0.0999999999999999,"laplace","2",1922,2.2809896167308,7.55681036359276,0.939941500987309,0.00616491
"2714","4206","/home/danilo/Documentos/Doutorado/artigo_mestrado/1A.P_MOVER/simulacao/ref2714_NA_4206.txt","PRanto4","yes","ok NAB digitado! Checado","exata","parcelas","PR","contiguous",100,1,"DBH>=5.0cm",4292,"UC Uso Sustentavel",179200,8600,"Atlantic_Forest","FOD","FODSm","primary/secondary",60,"2009",2009,1922,129,"/home/danilo/Documentos/Doutorado/artigo_mestrado/paisagens_atualizadas/ref2714_NA_4206.tif",0.0999999999999999,"laplace","2",1922,2.2809896167308,7.55681036359276,0.939941500987309,0.00627045
"2714","4206","/home/danilo/Documentos/Doutorado/artigo_mestrado/1A.P_MOVER/simulacao/ref2714_NA_4206.txt","PRanto4","yes","ok NAB digitado! Checado","exata","parcelas","PR","contiguous",100,1,"DBH>=5.0cm",4292,"UC Uso Sustentavel",179200,8600,"Atlantic_Forest","FOD","FODSm","primary/secondary",60,"2009",2009,1922,129,"/home/danilo/Documentos/Doutorado/artigo_mestrado/paisagens_atualizadas/ref2714_NA_4206.tif",0.0999999999999999,"laplace","2",1922,2.2809896167308,7.55681036359276,0.939941500987309,0.00612061
"2714","4207","/home/danilo/Documentos/Doutorado/artigo_mestrado/1A.P_MOVER/simulacao/ref2714_NA_4207.txt","PRanto5","yes","ok NAB digitado! Checado","exata","parcelas","PR","contiguous",100,1,"DBH>=5.0cm",4292,"UC Uso Sustentavel",179200,8600,"Atlantic_Forest","FOD","FODSm","primary/secondary",70,"2009",2009,1762,128,"/home/danilo/Documentos/Doutorado/artigo_mestrado/paisagens_atualizadas/ref2714_NA_4207.tif",0.0999999999999999,"laplace","2",1762,2.38230327602898,7.97401757573878,0.942274921994134,0.0058074
"2714","4207","/home/danilo/Documentos/Doutorado/artigo_mestrado/1A.P_MOVER/simulacao/ref2714_NA_4207.txt","PRanto5","yes","ok NAB digitado! Checado","exata","parcelas","PR","contiguous",100,1,"DBH>=5.0cm",4292,"UC Uso Sustentavel",179200,8600,"Atlantic_Forest","FOD","FODSm","primary/secondary",70,"2009",2009,1762,128,"/home/danilo/Documentos/Doutorado/artigo_mestrado/paisagens_atualizadas/ref2714_NA_4207.tif",0.0999999999999999,"laplace","2",1762,2.38230327602898,7.97401757573878,0.942274921994134,0.0058074
"2714","4207","/home/danilo/Documentos/Doutorado/artigo_mestrado/1A.P_MOVER/simulacao/ref2714_NA_4207.txt","PRanto5","yes","ok NAB digitado! Checado","exata","parcelas","PR","contiguous",100,1,"DBH>=5.0cm",4292,"UC Uso Sustentavel",179200,8600,"Atlantic_Forest","FOD","FODSm","primary/secondary",70,"2009",2009,1762,128,"/home/danilo/Documentos/Doutorado/artigo_mestrado/paisagens_atualizadas/ref2714_NA_4207.tif",0.0999999999999999,"laplace","2",1762,2.38230327602898,7.97401757573878,0.942274921994134,0.00550511
"2714","4207","/home/danilo/Documentos/Doutorado/artigo_mestrado/1A.P_MOVER/simulacao/ref2714_NA_4207.txt","PRanto5","yes","ok NAB digitado! Checado","exata","parcelas","PR","contiguous",100,1,"DBH>=5.0cm",4292,"UC Uso Sustentavel",179200,8600,"Atlantic_Forest","FOD","FODSm","primary/secondary",70,"2009",2009,1762,128,"/home/danilo/Documentos/Doutorado/artigo_mestrado/paisagens_atualizadas/ref2714_NA_4207.tif",0.0999999999999999,"laplace","2",1762,2.38230327602898,7.97401757573878,0.942274921994134,0.00585024
"2714","4207","/home/danilo/Documentos/Doutorado/artigo_mestrado/1A.P_MOVER/simulacao/ref2714_NA_4207.txt","PRanto5","yes","ok NAB digitado! Checado","exata","parcelas","PR","contiguous",100,1,"DBH>=5.0cm",4292,"UC Uso Sustentavel",179200,8600,"Atlantic_Forest","FOD","FODSm","primary/secondary",70,"2009",2009,1762,128,"/home/danilo/Documentos/Doutorado/artigo_mestrado/paisagens_atualizadas/ref2714_NA_4207.tif",0.0999999999999999,"laplace","2",1762,2.38230327602898,7.97401757573878,0.942274921994134,0.0057086
"2714","4207","/home/danilo/Documentos/Doutorado/artigo_mestrado/1A.P_MOVER/simulacao/ref2714_NA_4207.txt","PRanto5","yes","ok NAB digitado! Checado","exata","parcelas","PR","contiguous",100,1,"DBH>=5.0cm",4292,"UC Uso Sustentavel",179200,8600,"Atlantic_Forest","FOD","FODSm","primary/secondary",70,"2009",2009,1762,128,"/home/danilo/Documentos/Doutorado/artigo_mestrado/paisagens_atualizadas/ref2714_NA_4207.tif",0.0999999999999999,"laplace","2",1762,2.38230327602898,7.97401757573878,0.942274921994134,0.00597309
"2714","4207","/home/danilo/Documentos/Doutorado/artigo_mestrado/1A.P_MOVER/simulacao/ref2714_NA_4207.txt","PRanto5","yes","ok NAB digitado! Checado","exata","parcelas","PR","contiguous",100,1,"DBH>=5.0cm",4292,"UC Uso Sustentavel",179200,8600,"Atlantic_Forest","FOD","FODSm","primary/secondary",70,"2009",2009,1762,128,"/home/danilo/Documentos/Doutorado/artigo_mestrado/paisagens_atualizadas/ref2714_NA_4207.tif",0.0999999999999999,"laplace","2",1762,2.38230327602898,7.97401757573878,0.942274921994134,0.00606131
"2714","4207","/home/danilo/Documentos/Doutorado/artigo_mestrado/1A.P_MOVER/simulacao/ref2714_NA_4207.txt","PRanto5","yes","ok NAB digitado! Checado","exata","parcelas","PR","contiguous",100,1,"DBH>=5.0cm",4292,"UC Uso Sustentavel",179200,8600,"Atlantic_Forest","FOD","FODSm","primary/secondary",70,"2009",2009,1762,128,"/home/danilo/Documentos/Doutorado/artigo_mestrado/paisagens_atualizadas/ref2714_NA_4207.tif",0.0999999999999999,"laplace","2",1762,2.38230327602898,7.97401757573878,0.942274921994134,0.00606131
"2714","4207","/home/danilo/Documentos/Doutorado/artigo_mestrado/1A.P_MOVER/simulacao/ref2714_NA_4207.txt","PRanto5","yes","ok NAB digitado! Checado","exata","parcelas","PR","contiguous",100,1,"DBH>=5.0cm",4292,"UC Uso Sustentavel",179200,8600,"Atlantic_Forest","FOD","FODSm","primary/secondary",70,"2009",2009,1762,128,"/home/danilo/Documentos/Doutorado/artigo_mestrado/paisagens_atualizadas/ref2714_NA_4207.tif",0.0999999999999999,"laplace","2",1762,2.38230327602898,7.97401757573878,0.942274921994134,0.0054697
"2714","4207","/home/danilo/Documentos/Doutorado/artigo_mestrado/1A.P_MOVER/simulacao/ref2714_NA_4207.txt","PRanto5","yes","ok NAB digitado! Checado","exata","parcelas","PR","contiguous",100,1,"DBH>=5.0cm",4292,"UC Uso Sustentavel",179200,8600,"Atlantic_Forest","FOD","FODSm","primary/secondary",70,"2009",2009,1762,128,"/home/danilo/Documentos/Doutorado/artigo_mestrado/paisagens_atualizadas/ref2714_NA_4207.tif",0.0999999999999999,"laplace","2",1762,2.38230327602898,7.97401757573878,0.942274921994134,0.00582571
"2714","4208","/home/danilo/Documentos/Doutorado/artigo_mestrado/1A.P_MOVER/simulacao/ref2714_NA_4208.txt","PRanto6","yes","ok NAB digitado! Checado","exata","parcelas","PR","contiguous",100,1,"DBH>=5.0cm",4292,"UC Uso Sustentavel",179200,8600,"Atlantic_Forest","FOD","FODSm","primary",100,"2009",2009,1672,132,"/home/danilo/Documentos/Doutorado/artigo_mestrado/paisagens_atualizadas/ref2714_NA_4208.tif",0.0999999999999999,"laplace","2",1672,2.44557994022259,8.14714894760815,0.941211269207673,0.00729408
"2714","4208","/home/danilo/Documentos/Doutorado/artigo_mestrado/1A.P_MOVER/simulacao/ref2714_NA_4208.txt","PRanto6","yes","ok NAB digitado! Checado","exata","parcelas","PR","contiguous",100,1,"DBH>=5.0cm",4292,"UC Uso Sustentavel",179200,8600,"Atlantic_Forest","FOD","FODSm","primary",100,"2009",2009,1672,132,"/home/danilo/Documentos/Doutorado/artigo_mestrado/paisagens_atualizadas/ref2714_NA_4208.tif",0.0999999999999999,"laplace","2",1672,2.44557994022259,8.14714894760815,0.941211269207673,0.00729385
"2714","4208","/home/danilo/Documentos/Doutorado/artigo_mestrado/1A.P_MOVER/simulacao/ref2714_NA_4208.txt","PRanto6","yes","ok NAB digitado! Checado","exata","parcelas","PR","contiguous",100,1,"DBH>=5.0cm",4292,"UC Uso Sustentavel",179200,8600,"Atlantic_Forest","FOD","FODSm","primary",100,"2009",2009,1672,132,"/home/danilo/Documentos/Doutorado/artigo_mestrado/paisagens_atualizadas/ref2714_NA_4208.tif",0.0999999999999999,"laplace","2",1672,2.44557994022259,8.14714894760815,0.941211269207673,0.00727686
"2714","4208","/home/danilo/Documentos/Doutorado/artigo_mestrado/1A.P_MOVER/simulacao/ref2714_NA_4208.txt","PRanto6","yes","ok NAB digitado! Checado","exata","parcelas","PR","contiguous",100,1,"DBH>=5.0cm",4292,"UC Uso Sustentavel",179200,8600,"Atlantic_Forest","FOD","FODSm","primary",100,"2009",2009,1672,132,"/home/danilo/Documentos/Doutorado/artigo_mestrado/paisagens_atualizadas/ref2714_NA_4208.tif",0.0999999999999999,"laplace","2",1672,2.44557994022259,8.14714894760815,0.941211269207673,0.00729385
"2714","4208","/home/danilo/Documentos/Doutorado/artigo_mestrado/1A.P_MOVER/simulacao/ref2714_NA_4208.txt","PRanto6","yes","ok NAB digitado! Checado","exata","parcelas","PR","contiguous",100,1,"DBH>=5.0cm",4292,"UC Uso Sustentavel",179200,8600,"Atlantic_Forest","FOD","FODSm","primary",100,"2009",2009,1672,132,"/home/danilo/Documentos/Doutorado/artigo_mestrado/paisagens_atualizadas/ref2714_NA_4208.tif",0.0999999999999999,"laplace","2",1672,2.44557994022259,8.14714894760815,0.941211269207673,0.00712761
"2714","4208","/home/danilo/Documentos/Doutorado/artigo_mestrado/1A.P_MOVER/simulacao/ref2714_NA_4208.txt","PRanto6","yes","ok NAB digitado! Checado","exata","parcelas","PR","contiguous",100,1,"DBH>=5.0cm",4292,"UC Uso Sustentavel",179200,8600,"Atlantic_Forest","FOD","FODSm","primary",100,"2009",2009,1672,132,"/home/danilo/Documentos/Doutorado/artigo_mestrado/paisagens_atualizadas/ref2714_NA_4208.tif",0.0999999999999999,"laplace","2",1672,2.44557994022259,8.14714894760815,0.941211269207673,0.00697384
"2714","4208","/home/danilo/Documentos/Doutorado/artigo_mestrado/1A.P_MOVER/simulacao/ref2714_NA_4208.txt","PRanto6","yes","ok NAB digitado! Checado","exata","parcelas","PR","contiguous",100,1,"DBH>=5.0cm",4292,"UC Uso Sustentavel",179200,8600,"Atlantic_Forest","FOD","FODSm","primary",100,"2009",2009,1672,132,"/home/danilo/Documentos/Doutorado/artigo_mestrado/paisagens_atualizadas/ref2714_NA_4208.tif",0.0999999999999999,"laplace","2",1672,2.44557994022259,8.14714894760815,0.941211269207673,0.00712761
"2714","4208","/home/danilo/Documentos/Doutorado/artigo_mestrado/1A.P_MOVER/simulacao/ref2714_NA_4208.txt","PRanto6","yes","ok NAB digitado! Checado","exata","parcelas","PR","contiguous",100,1,"DBH>=5.0cm",4292,"UC Uso Sustentavel",179200,8600,"Atlantic_Forest","FOD","FODSm","primary",100,"2009",2009,1672,132,"/home/danilo/Documentos/Doutorado/artigo_mestrado/paisagens_atualizadas/ref2714_NA_4208.tif",0.0999999999999999,"laplace","2",1672,2.44557994022259,8.14714894760815,0.941211269207673,0.00709144
"2714","4208","/home/danilo/Documentos/Doutorado/artigo_mestrado/1A.P_MOVER/simulacao/ref2714_NA_4208.txt","PRanto6","yes","ok NAB digitado! Checado","exata","parcelas","PR","contiguous",100,1,"DBH>=5.0cm",4292,"UC Uso Sustentavel",179200,8600,"Atlantic_Forest","FOD","FODSm","primary",100,"2009",2009,1672,132,"/home/danilo/Documentos/Doutorado/artigo_mestrado/paisagens_atualizadas/ref2714_NA_4208.tif",0.0999999999999999,"laplace","2",1672,2.44557994022259,8.14714894760815,0.941211269207673,0.00708129
"2714","4208","/home/danilo/Documentos/Doutorado/artigo_mestrado/1A.P_MOVER/simulacao/ref2714_NA_4208.txt","PRanto6","yes","ok NAB digitado! Checado","exata","parcelas","PR","contiguous",100,1,"DBH>=5.0cm",4292,"UC Uso Sustentavel",179200,8600,"Atlantic_Forest","FOD","FODSm","primary",100,"2009",2009,1672,132,"/home/danilo/Documentos/Doutorado/artigo_mestrado/paisagens_atualizadas/ref2714_NA_4208.tif",0.0999999999999999,"laplace","2",1672,2.44557994022259,8.14714894760815,0.941211269207673,0.00690785
"2714","4209","/home/danilo/Documentos/Doutorado/artigo_mestrado/1A.P_MOVER/simulacao/ref2714_NA_4209.txt","PRanto7","yes","ok NAB digitado! Checado","exata","parcelas","PR","contiguous",100,1,"DBH>=5.0cm",4292,"UC Uso Sustentavel",18,8600,"Atlantic_Forest","FOD","FODSm","capoeira",22,"2009",2009,1983,83,"/home/danilo/Documentos/Doutorado/artigo_mestrado/paisagens_atualizadas/ref2714_NA_4209.tif",0.0999999999999999,"laplace","2",1983,2.2456322822201,7.4528245456856,0.940920549593433,0.00264962
"2714","4209","/home/danilo/Documentos/Doutorado/artigo_mestrado/1A.P_MOVER/simulacao/ref2714_NA_4209.txt","PRanto7","yes","ok NAB digitado! Checado","exata","parcelas","PR","contiguous",100,1,"DBH>=5.0cm",4292,"UC Uso Sustentavel",18,8600,"Atlantic_Forest","FOD","FODSm","capoeira",22,"2009",2009,1983,83,"/home/danilo/Documentos/Doutorado/artigo_mestrado/paisagens_atualizadas/ref2714_NA_4209.tif",0.0999999999999999,"laplace","2",1983,2.2456322822201,7.4528245456856,0.940920549593433,0.00249488
"2714","4209","/home/danilo/Documentos/Doutorado/artigo_mestrado/1A.P_MOVER/simulacao/ref2714_NA_4209.txt","PRanto7","yes","ok NAB digitado! Checado","exata","parcelas","PR","contiguous",100,1,"DBH>=5.0cm",4292,"UC Uso Sustentavel",18,8600,"Atlantic_Forest","FOD","FODSm","capoeira",22,"2009",2009,1983,83,"/home/danilo/Documentos/Doutorado/artigo_mestrado/paisagens_atualizadas/ref2714_NA_4209.tif",0.0999999999999999,"laplace","2",1983,2.2456322822201,7.4528245456856,0.940920549593433,0.00270738
"2714","4209","/home/danilo/Documentos/Doutorado/artigo_mestrado/1A.P_MOVER/simulacao/ref2714_NA_4209.txt","PRanto7","yes","ok NAB digitado! Checado","exata","parcelas","PR","contiguous",100,1,"DBH>=5.0cm",4292,"UC Uso Sustentavel",18,8600,"Atlantic_Forest","FOD","FODSm","capoeira",22,"2009",2009,1983,83,"/home/danilo/Documentos/Doutorado/artigo_mestrado/paisagens_atualizadas/ref2714_NA_4209.tif",0.0999999999999999,"laplace","2",1983,2.2456322822201,7.4528245456856,0.940920549593433,0.00254759
"2714","4209","/home/danilo/Documentos/Doutorado/artigo_mestrado/1A.P_MOVER/simulacao/ref2714_NA_4209.txt","PRanto7","yes","ok NAB digitado! Checado","exata","parcelas","PR","contiguous",100,1,"DBH>=5.0cm",4292,"UC Uso Sustentavel",18,8600,"Atlantic_Forest","FOD","FODSm","capoeira",22,"2009",2009,1983,83,"/home/danilo/Documentos/Doutorado/artigo_mestrado/paisagens_atualizadas/ref2714_NA_4209.tif",0.0999999999999999,"laplace","2",1983,2.2456322822201,7.4528245456856,0.940920549593433,0.00263038
"2714","4209","/home/danilo/Documentos/Doutorado/artigo_mestrado/1A.P_MOVER/simulacao/ref2714_NA_4209.txt","PRanto7","yes","ok NAB digitado! Checado","exata","parcelas","PR","contiguous",100,1,"DBH>=5.0cm",4292,"UC Uso Sustentavel",18,8600,"Atlantic_Forest","FOD","FODSm","capoeira",22,"2009",2009,1983,83,"/home/danilo/Documentos/Doutorado/artigo_mestrado/paisagens_atualizadas/ref2714_NA_4209.tif",0.0999999999999999,"laplace","2",1983,2.2456322822201,7.4528245456856,0.940920549593433,0.00252631
"2714","4209","/home/danilo/Documentos/Doutorado/artigo_mestrado/1A.P_MOVER/simulacao/ref2714_NA_4209.txt","PRanto7","yes","ok NAB digitado! Checado","exata","parcelas","PR","contiguous",100,1,"DBH>=5.0cm",4292,"UC Uso Sustentavel",18,8600,"Atlantic_Forest","FOD","FODSm","capoeira",22,"2009",2009,1983,83,"/home/danilo/Documentos/Doutorado/artigo_mestrado/paisagens_atualizadas/ref2714_NA_4209.tif",0.0999999999999999,"laplace","2",1983,2.2456322822201,7.4528245456856,0.940920549593433,0.0024949
"2714","4209","/home/danilo/Documentos/Doutorado/artigo_mestrado/1A.P_MOVER/simulacao/ref2714_NA_4209.txt","PRanto7","yes","ok NAB digitado! Checado","exata","parcelas","PR","contiguous",100,1,"DBH>=5.0cm",4292,"UC Uso Sustentavel",18,8600,"Atlantic_Forest","FOD","FODSm","capoeira",22,"2009",2009,1983,83,"/home/danilo/Documentos/Doutorado/artigo_mestrado/paisagens_atualizadas/ref2714_NA_4209.tif",0.0999999999999999,"laplace","2",1983,2.2456322822201,7.4528245456856,0.940920549593433,0.00285573
"2714","4209","/home/danilo/Documentos/Doutorado/artigo_mestrado/1A.P_MOVER/simulacao/ref2714_NA_4209.txt","PRanto7","yes","ok NAB digitado! Checado","exata","parcelas","PR","contiguous",100,1,"DBH>=5.0cm",4292,"UC Uso Sustentavel",18,8600,"Atlantic_Forest","FOD","FODSm","capoeira",22,"2009",2009,1983,83,"/home/danilo/Documentos/Doutorado/artigo_mestrado/paisagens_atualizadas/ref2714_NA_4209.tif",0.0999999999999999,"laplace","2",1983,2.2456322822201,7.4528245456856,0.940920549593433,0.00259782
"2714","4209","/home/danilo/Documentos/Doutorado/artigo_mestrado/1A.P_MOVER/simulacao/ref2714_NA_4209.txt","PRanto7","yes","ok NAB digitado! Checado","exata","parcelas","PR","contiguous",100,1,"DBH>=5.0cm",4292,"UC Uso Sustentavel",18,8600,"Atlantic_Forest","FOD","FODSm","capoeira",22,"2009",2009,1983,83,"/home/danilo/Documentos/Doutorado/artigo_mestrado/paisagens_atualizadas/ref2714_NA_4209.tif",0.0999999999999999,"laplace","2",1983,2.2456322822201,7.4528245456856,0.940920549593433,0.00272099
"2714","4210","/home/danilo/Documentos/Doutorado/artigo_mestrado/1A.P_MOVER/simulacao/ref2714_NA_4210.txt","PRanto8","yes","ok NAB digitado! Checado","exata","parcelas","PR","contiguous",100,1,"DBH>=5.0cm",4292,"UC Uso Sustentavel",5396.76,8600,"Atlantic_Forest","FOD","FODSm","primary",100,"2009",2009,1524,144,"/home/danilo/Documentos/Doutorado/artigo_mestrado/paisagens_atualizadas/ref2714_NA_4210.tif",0.0999999999999999,"laplace","2",1524,2.5615775978928,8.46693584683782,0.923254980075403,0.00458678
"2714","4210","/home/danilo/Documentos/Doutorado/artigo_mestrado/1A.P_MOVER/simulacao/ref2714_NA_4210.txt","PRanto8","yes","ok NAB digitado! Checado","exata","parcelas","PR","contiguous",100,1,"DBH>=5.0cm",4292,"UC Uso Sustentavel",5396.76,8600,"Atlantic_Forest","FOD","FODSm","primary",100,"2009",2009,1524,144,"/home/danilo/Documentos/Doutorado/artigo_mestrado/paisagens_atualizadas/ref2714_NA_4210.tif",0.0999999999999999,"laplace","2",1524,2.5615775978928,8.46693584683782,0.923254980075403,0.00469097
"2714","4210","/home/danilo/Documentos/Doutorado/artigo_mestrado/1A.P_MOVER/simulacao/ref2714_NA_4210.txt","PRanto8","yes","ok NAB digitado! Checado","exata","parcelas","PR","contiguous",100,1,"DBH>=5.0cm",4292,"UC Uso Sustentavel",5396.76,8600,"Atlantic_Forest","FOD","FODSm","primary",100,"2009",2009,1524,144,"/home/danilo/Documentos/Doutorado/artigo_mestrado/paisagens_atualizadas/ref2714_NA_4210.tif",0.0999999999999999,"laplace","2",1524,2.5615775978928,8.46693584683782,0.923254980075403,0.0049577
"2714","4210","/home/danilo/Documentos/Doutorado/artigo_mestrado/1A.P_MOVER/simulacao/ref2714_NA_4210.txt","PRanto8","yes","ok NAB digitado! Checado","exata","parcelas","PR","contiguous",100,1,"DBH>=5.0cm",4292,"UC Uso Sustentavel",5396.76,8600,"Atlantic_Forest","FOD","FODSm","primary",100,"2009",2009,1524,144,"/home/danilo/Documentos/Doutorado/artigo_mestrado/paisagens_atualizadas/ref2714_NA_4210.tif",0.0999999999999999,"laplace","2",1524,2.5615775978928,8.46693584683782,0.923254980075403,0.00469097
"2714","4210","/home/danilo/Documentos/Doutorado/artigo_mestrado/1A.P_MOVER/simulacao/ref2714_NA_4210.txt","PRanto8","yes","ok NAB digitado! Checado","exata","parcelas","PR","contiguous",100,1,"DBH>=5.0cm",4292,"UC Uso Sustentavel",5396.76,8600,"Atlantic_Forest","FOD","FODSm","primary",100,"2009",2009,1524,144,"/home/danilo/Documentos/Doutorado/artigo_mestrado/paisagens_atualizadas/ref2714_NA_4210.tif",0.0999999999999999,"laplace","2",1524,2.5615775978928,8.46693584683782,0.923254980075403,0.00508274
"2714","4210","/home/danilo/Documentos/Doutorado/artigo_mestrado/1A.P_MOVER/simulacao/ref2714_NA_4210.txt","PRanto8","yes","ok NAB digitado! Checado","exata","parcelas","PR","contiguous",100,1,"DBH>=5.0cm",4292,"UC Uso Sustentavel",5396.76,8600,"Atlantic_Forest","FOD","FODSm","primary",100,"2009",2009,1524,144,"/home/danilo/Documentos/Doutorado/artigo_mestrado/paisagens_atualizadas/ref2714_NA_4210.tif",0.0999999999999999,"laplace","2",1524,2.5615775978928,8.46693584683782,0.923254980075403,0.00486844
"2714","4210","/home/danilo/Documentos/Doutorado/artigo_mestrado/1A.P_MOVER/simulacao/ref2714_NA_4210.txt","PRanto8","yes","ok NAB digitado! Checado","exata","parcelas","PR","contiguous",100,1,"DBH>=5.0cm",4292,"UC Uso Sustentavel",5396.76,8600,"Atlantic_Forest","FOD","FODSm","primary",100,"2009",2009,1524,144,"/home/danilo/Documentos/Doutorado/artigo_mestrado/paisagens_atualizadas/ref2714_NA_4210.tif",0.0999999999999999,"laplace","2",1524,2.5615775978928,8.46693584683782,0.923254980075403,0.00508274
"2714","4210","/home/danilo/Documentos/Doutorado/artigo_mestrado/1A.P_MOVER/simulacao/ref2714_NA_4210.txt","PRanto8","yes","ok NAB digitado! Checado","exata","parcelas","PR","contiguous",100,1,"DBH>=5.0cm",4292,"UC Uso Sustentavel",5396.76,8600,"Atlantic_Forest","FOD","FODSm","primary",100,"2009",2009,1524,144,"/home/danilo/Documentos/Doutorado/artigo_mestrado/paisagens_atualizadas/ref2714_NA_4210.tif",0.0999999999999999,"laplace","2",1524,2.5615775978928,8.46693584683782,0.923254980075403,0.00526078
"2714","4210","/home/danilo/Documentos/Doutorado/artigo_mestrado/1A.P_MOVER/simulacao/ref2714_NA_4210.txt","PRanto8","yes","ok NAB digitado! Checado","exata","parcelas","PR","contiguous",100,1,"DBH>=5.0cm",4292,"UC Uso Sustentavel",5396.76,8600,"Atlantic_Forest","FOD","FODSm","primary",100,"2009",2009,1524,144,"/home/danilo/Documentos/Doutorado/artigo_mestrado/paisagens_atualizadas/ref2714_NA_4210.tif",0.0999999999999999,"laplace","2",1524,2.5615775978928,8.46693584683782,0.923254980075403,0.00517645
"2714","4210","/home/danilo/Documentos/Doutorado/artigo_mestrado/1A.P_MOVER/simulacao/ref2714_NA_4210.txt","PRanto8","yes","ok NAB digitado! Checado","exata","parcelas","PR","contiguous",100,1,"DBH>=5.0cm",4292,"UC Uso Sustentavel",5396.76,8600,"Atlantic_Forest","FOD","FODSm","primary",100,"2009",2009,1524,144,"/home/danilo/Documentos/Doutorado/artigo_mestrado/paisagens_atualizadas/ref2714_NA_4210.tif",0.0999999999999999,"laplace","2",1524,2.5615775978928,8.46693584683782,0.923254980075403,0.0051901
"2714","4211","/home/danilo/Documentos/Doutorado/artigo_mestrado/1A.P_MOVER/simulacao/ref2714_NA_4211.txt","PRanto9","yes","ok NAB digitado! Checado","exata","parcelas","PR","contiguous",100,1,"DBH>=5.0cm",4292,"UC Uso Sustentavel",5396.76,8600,"Atlantic_Forest","FOD","FODSm","primary/secondary",60,"2009",2009,1604,140,"/home/danilo/Documentos/Doutorado/artigo_mestrado/paisagens_atualizadas/ref2714_NA_4211.tif",0.0999999999999999,"laplace","2",1604,2.49688084719461,8.22627642705295,0.914994455304693,0.0041766
"2714","4211","/home/danilo/Documentos/Doutorado/artigo_mestrado/1A.P_MOVER/simulacao/ref2714_NA_4211.txt","PRanto9","yes","ok NAB digitado! Checado","exata","parcelas","PR","contiguous",100,1,"DBH>=5.0cm",4292,"UC Uso Sustentavel",5396.76,8600,"Atlantic_Forest","FOD","FODSm","primary/secondary",60,"2009",2009,1604,140,"/home/danilo/Documentos/Doutorado/artigo_mestrado/paisagens_atualizadas/ref2714_NA_4211.tif",0.0999999999999999,"laplace","2",1604,2.49688084719461,8.22627642705295,0.914994455304693,0.00467464
"2714","4211","/home/danilo/Documentos/Doutorado/artigo_mestrado/1A.P_MOVER/simulacao/ref2714_NA_4211.txt","PRanto9","yes","ok NAB digitado! Checado","exata","parcelas","PR","contiguous",100,1,"DBH>=5.0cm",4292,"UC Uso Sustentavel",5396.76,8600,"Atlantic_Forest","FOD","FODSm","primary/secondary",60,"2009",2009,1604,140,"/home/danilo/Documentos/Doutorado/artigo_mestrado/paisagens_atualizadas/ref2714_NA_4211.tif",0.0999999999999999,"laplace","2",1604,2.49688084719461,8.22627642705295,0.914994455304693,0.00425856
"2714","4211","/home/danilo/Documentos/Doutorado/artigo_mestrado/1A.P_MOVER/simulacao/ref2714_NA_4211.txt","PRanto9","yes","ok NAB digitado! Checado","exata","parcelas","PR","contiguous",100,1,"DBH>=5.0cm",4292,"UC Uso Sustentavel",5396.76,8600,"Atlantic_Forest","FOD","FODSm","primary/secondary",60,"2009",2009,1604,140,"/home/danilo/Documentos/Doutorado/artigo_mestrado/paisagens_atualizadas/ref2714_NA_4211.tif",0.0999999999999999,"laplace","2",1604,2.49688084719461,8.22627642705295,0.914994455304693,0.00393256
"2714","4211","/home/danilo/Documentos/Doutorado/artigo_mestrado/1A.P_MOVER/simulacao/ref2714_NA_4211.txt","PRanto9","yes","ok NAB digitado! Checado","exata","parcelas","PR","contiguous",100,1,"DBH>=5.0cm",4292,"UC Uso Sustentavel",5396.76,8600,"Atlantic_Forest","FOD","FODSm","primary/secondary",60,"2009",2009,1604,140,"/home/danilo/Documentos/Doutorado/artigo_mestrado/paisagens_atualizadas/ref2714_NA_4211.tif",0.0999999999999999,"laplace","2",1604,2.49688084719461,8.22627642705295,0.914994455304693,0.00448143
"2714","4211","/home/danilo/Documentos/Doutorado/artigo_mestrado/1A.P_MOVER/simulacao/ref2714_NA_4211.txt","PRanto9","yes","ok NAB digitado! Checado","exata","parcelas","PR","contiguous",100,1,"DBH>=5.0cm",4292,"UC Uso Sustentavel",5396.76,8600,"Atlantic_Forest","FOD","FODSm","primary/secondary",60,"2009",2009,1604,140,"/home/danilo/Documentos/Doutorado/artigo_mestrado/paisagens_atualizadas/ref2714_NA_4211.tif",0.0999999999999999,"laplace","2",1604,2.49688084719461,8.22627642705295,0.914994455304693,0.00387257
"2714","4211","/home/danilo/Documentos/Doutorado/artigo_mestrado/1A.P_MOVER/simulacao/ref2714_NA_4211.txt","PRanto9","yes","ok NAB digitado! Checado","exata","parcelas","PR","contiguous",100,1,"DBH>=5.0cm",4292,"UC Uso Sustentavel",5396.76,8600,"Atlantic_Forest","FOD","FODSm","primary/secondary",60,"2009",2009,1604,140,"/home/danilo/Documentos/Doutorado/artigo_mestrado/paisagens_atualizadas/ref2714_NA_4211.tif",0.0999999999999999,"laplace","2",1604,2.49688084719461,8.22627642705295,0.914994455304693,0.00469796
"2714","4211","/home/danilo/Documentos/Doutorado/artigo_mestrado/1A.P_MOVER/simulacao/ref2714_NA_4211.txt","PRanto9","yes","ok NAB digitado! Checado","exata","parcelas","PR","contiguous",100,1,"DBH>=5.0cm",4292,"UC Uso Sustentavel",5396.76,8600,"Atlantic_Forest","FOD","FODSm","primary/secondary",60,"2009",2009,1604,140,"/home/danilo/Documentos/Doutorado/artigo_mestrado/paisagens_atualizadas/ref2714_NA_4211.tif",0.0999999999999999,"laplace","2",1604,2.49688084719461,8.22627642705295,0.914994455304693,0.0049176
"2714","4211","/home/danilo/Documentos/Doutorado/artigo_mestrado/1A.P_MOVER/simulacao/ref2714_NA_4211.txt","PRanto9","yes","ok NAB digitado! Checado","exata","parcelas","PR","contiguous",100,1,"DBH>=5.0cm",4292,"UC Uso Sustentavel",5396.76,8600,"Atlantic_Forest","FOD","FODSm","primary/secondary",60,"2009",2009,1604,140,"/home/danilo/Documentos/Doutorado/artigo_mestrado/paisagens_atualizadas/ref2714_NA_4211.tif",0.0999999999999999,"laplace","2",1604,2.49688084719461,8.22627642705295,0.914994455304693,0.00469796
"2714","4211","/home/danilo/Documentos/Doutorado/artigo_mestrado/1A.P_MOVER/simulacao/ref2714_NA_4211.txt","PRanto9","yes","ok NAB digitado! Checado","exata","parcelas","PR","contiguous",100,1,"DBH>=5.0cm",4292,"UC Uso Sustentavel",5396.76,8600,"Atlantic_Forest","FOD","FODSm","primary/secondary",60,"2009",2009,1604,140,"/home/danilo/Documentos/Doutorado/artigo_mestrado/paisagens_atualizadas/ref2714_NA_4211.tif",0.0999999999999999,"laplace","2",1604,2.49688084719461,8.22627642705295,0.914994455304693,0.00454746
"2714","4212","/home/danilo/Documentos/Doutorado/artigo_mestrado/1A.P_MOVER/simulacao/ref2714_NA_4212.txt","PRanto10","yes","ok NAB digitado! Checado","exata","parcelas","PR","contiguous",100,1,"DBH>=5.0cm",4292,"UC Uso Sustentavel",5396.76,8600,"Atlantic_Forest","FOD","FODSm","secondary",40,"2009",2009,1967,137,"/home/danilo/Documentos/Doutorado/artigo_mestrado/paisagens_atualizadas/ref2714_NA_4212.tif",0.0999999999999999,"laplace","2",1967,2.25474701184918,7.54195894597504,0.914955159487972,0.00364939
"2714","4212","/home/danilo/Documentos/Doutorado/artigo_mestrado/1A.P_MOVER/simulacao/ref2714_NA_4212.txt","PRanto10","yes","ok NAB digitado! Checado","exata","parcelas","PR","contiguous",100,1,"DBH>=5.0cm",4292,"UC Uso Sustentavel",5396.76,8600,"Atlantic_Forest","FOD","FODSm","secondary",40,"2009",2009,1967,137,"/home/danilo/Documentos/Doutorado/artigo_mestrado/paisagens_atualizadas/ref2714_NA_4212.tif",0.0999999999999999,"laplace","2",1967,2.25474701184918,7.54195894597504,0.914955159487972,0.00369608
"2714","4212","/home/danilo/Documentos/Doutorado/artigo_mestrado/1A.P_MOVER/simulacao/ref2714_NA_4212.txt","PRanto10","yes","ok NAB digitado! Checado","exata","parcelas","PR","contiguous",100,1,"DBH>=5.0cm",4292,"UC Uso Sustentavel",5396.76,8600,"Atlantic_Forest","FOD","FODSm","secondary",40,"2009",2009,1967,137,"/home/danilo/Documentos/Doutorado/artigo_mestrado/paisagens_atualizadas/ref2714_NA_4212.tif",0.0999999999999999,"laplace","2",1967,2.25474701184918,7.54195894597504,0.914955159487972,0.00343524
"2714","4212","/home/danilo/Documentos/Doutorado/artigo_mestrado/1A.P_MOVER/simulacao/ref2714_NA_4212.txt","PRanto10","yes","ok NAB digitado! Checado","exata","parcelas","PR","contiguous",100,1,"DBH>=5.0cm",4292,"UC Uso Sustentavel",5396.76,8600,"Atlantic_Forest","FOD","FODSm","secondary",40,"2009",2009,1967,137,"/home/danilo/Documentos/Doutorado/artigo_mestrado/paisagens_atualizadas/ref2714_NA_4212.tif",0.0999999999999999,"laplace","2",1967,2.25474701184918,7.54195894597504,0.914955159487972,0.00350928
"2714","4212","/home/danilo/Documentos/Doutorado/artigo_mestrado/1A.P_MOVER/simulacao/ref2714_NA_4212.txt","PRanto10","yes","ok NAB digitado! Checado","exata","parcelas","PR","contiguous",100,1,"DBH>=5.0cm",4292,"UC Uso Sustentavel",5396.76,8600,"Atlantic_Forest","FOD","FODSm","secondary",40,"2009",2009,1967,137,"/home/danilo/Documentos/Doutorado/artigo_mestrado/paisagens_atualizadas/ref2714_NA_4212.tif",0.0999999999999999,"laplace","2",1967,2.25474701184918,7.54195894597504,0.914955159487972,0.00367228
"2714","4212","/home/danilo/Documentos/Doutorado/artigo_mestrado/1A.P_MOVER/simulacao/ref2714_NA_4212.txt","PRanto10","yes","ok NAB digitado! Checado","exata","parcelas","PR","contiguous",100,1,"DBH>=5.0cm",4292,"UC Uso Sustentavel",5396.76,8600,"Atlantic_Forest","FOD","FODSm","secondary",40,"2009",2009,1967,137,"/home/danilo/Documentos/Doutorado/artigo_mestrado/paisagens_atualizadas/ref2714_NA_4212.tif",0.0999999999999999,"laplace","2",1967,2.25474701184918,7.54195894597504,0.914955159487972,0.00410662
"2714","4212","/home/danilo/Documentos/Doutorado/artigo_mestrado/1A.P_MOVER/simulacao/ref2714_NA_4212.txt","PRanto10","yes","ok NAB digitado! Checado","exata","parcelas","PR","contiguous",100,1,"DBH>=5.0cm",4292,"UC Uso Sustentavel",5396.76,8600,"Atlantic_Forest","FOD","FODSm","secondary",40,"2009",2009,1967,137,"/home/danilo/Documentos/Doutorado/artigo_mestrado/paisagens_atualizadas/ref2714_NA_4212.tif",0.0999999999999999,"laplace","2",1967,2.25474701184918,7.54195894597504,0.914955159487972,0.00393249
"2714","4212","/home/danilo/Documentos/Doutorado/artigo_mestrado/1A.P_MOVER/simulacao/ref2714_NA_4212.txt","PRanto10","yes","ok NAB digitado! Checado","exata","parcelas","PR","contiguous",100,1,"DBH>=5.0cm",4292,"UC Uso Sustentavel",5396.76,8600,"Atlantic_Forest","FOD","FODSm","secondary",40,"2009",2009,1967,137,"/home/danilo/Documentos/Doutorado/artigo_mestrado/paisagens_atualizadas/ref2714_NA_4212.tif",0.0999999999999999,"laplace","2",1967,2.25474701184918,7.54195894597504,0.914955159487972,0.00409254
"2714","4212","/home/danilo/Documentos/Doutorado/artigo_mestrado/1A.P_MOVER/simulacao/ref2714_NA_4212.txt","PRanto10","yes","ok NAB digitado! Checado","exata","parcelas","PR","contiguous",100,1,"DBH>=5.0cm",4292,"UC Uso Sustentavel",5396.76,8600,"Atlantic_Forest","FOD","FODSm","secondary",40,"2009",2009,1967,137,"/home/danilo/Documentos/Doutorado/artigo_mestrado/paisagens_atualizadas/ref2714_NA_4212.tif",0.0999999999999999,"laplace","2",1967,2.25474701184918,7.54195894597504,0.914955159487972,0.00381174
"2714","4212","/home/danilo/Documentos/Doutorado/artigo_mestrado/1A.P_MOVER/simulacao/ref2714_NA_4212.txt","PRanto10","yes","ok NAB digitado! Checado","exata","parcelas","PR","contiguous",100,1,"DBH>=5.0cm",4292,"UC Uso Sustentavel",5396.76,8600,"Atlantic_Forest","FOD","FODSm","secondary",40,"2009",2009,1967,137,"/home/danilo/Documentos/Doutorado/artigo_mestrado/paisagens_atualizadas/ref2714_NA_4212.tif",0.0999999999999999,"laplace","2",1967,2.25474701184918,7.54195894597504,0.914955159487972,0.00357167
"2714","4213","/home/danilo/Documentos/Doutorado/artigo_mestrado/1A.P_MOVER/simulacao/ref2714_NA_4213.txt","PRanto11","yes","ok NAB digitado! Checado","exata","parcelas","PR","contiguous",100,1,"DBH>=5.0cm",4292,"UC Uso Sustentavel",5396.76,8600,"Atlantic_Forest","FOD","FODSm","secondary",40,"2009",2009,1746,102,"/home/danilo/Documentos/Doutorado/artigo_mestrado/paisagens_atualizadas/ref2714_NA_4213.tif",0.0999999999999999,"laplace","2",1746,2.39319386205913,7.90364194928281,0.922988108620424,0.00253208
"2714","4213","/home/danilo/Documentos/Doutorado/artigo_mestrado/1A.P_MOVER/simulacao/ref2714_NA_4213.txt","PRanto11","yes","ok NAB digitado! Checado","exata","parcelas","PR","contiguous",100,1,"DBH>=5.0cm",4292,"UC Uso Sustentavel",5396.76,8600,"Atlantic_Forest","FOD","FODSm","secondary",40,"2009",2009,1746,102,"/home/danilo/Documentos/Doutorado/artigo_mestrado/paisagens_atualizadas/ref2714_NA_4213.tif",0.0999999999999999,"laplace","2",1746,2.39319386205913,7.90364194928281,0.922988108620424,0.00253598
"2714","4213","/home/danilo/Documentos/Doutorado/artigo_mestrado/1A.P_MOVER/simulacao/ref2714_NA_4213.txt","PRanto11","yes","ok NAB digitado! Checado","exata","parcelas","PR","contiguous",100,1,"DBH>=5.0cm",4292,"UC Uso Sustentavel",5396.76,8600,"Atlantic_Forest","FOD","FODSm","secondary",40,"2009",2009,1746,102,"/home/danilo/Documentos/Doutorado/artigo_mestrado/paisagens_atualizadas/ref2714_NA_4213.tif",0.0999999999999999,"laplace","2",1746,2.39319386205913,7.90364194928281,0.922988108620424,0.00274904
"2714","4213","/home/danilo/Documentos/Doutorado/artigo_mestrado/1A.P_MOVER/simulacao/ref2714_NA_4213.txt","PRanto11","yes","ok NAB digitado! Checado","exata","parcelas","PR","contiguous",100,1,"DBH>=5.0cm",4292,"UC Uso Sustentavel",5396.76,8600,"Atlantic_Forest","FOD","FODSm","secondary",40,"2009",2009,1746,102,"/home/danilo/Documentos/Doutorado/artigo_mestrado/paisagens_atualizadas/ref2714_NA_4213.tif",0.0999999999999999,"laplace","2",1746,2.39319386205913,7.90364194928281,0.922988108620424,0.0024774
"2714","4213","/home/danilo/Documentos/Doutorado/artigo_mestrado/1A.P_MOVER/simulacao/ref2714_NA_4213.txt","PRanto11","yes","ok NAB digitado! Checado","exata","parcelas","PR","contiguous",100,1,"DBH>=5.0cm",4292,"UC Uso Sustentavel",5396.76,8600,"Atlantic_Forest","FOD","FODSm","secondary",40,"2009",2009,1746,102,"/home/danilo/Documentos/Doutorado/artigo_mestrado/paisagens_atualizadas/ref2714_NA_4213.tif",0.0999999999999999,"laplace","2",1746,2.39319386205913,7.90364194928281,0.922988108620424,0.00262425
"2714","4213","/home/danilo/Documentos/Doutorado/artigo_mestrado/1A.P_MOVER/simulacao/ref2714_NA_4213.txt","PRanto11","yes","ok NAB digitado! Checado","exata","parcelas","PR","contiguous",100,1,"DBH>=5.0cm",4292,"UC Uso Sustentavel",5396.76,8600,"Atlantic_Forest","FOD","FODSm","secondary",40,"2009",2009,1746,102,"/home/danilo/Documentos/Doutorado/artigo_mestrado/paisagens_atualizadas/ref2714_NA_4213.tif",0.0999999999999999,"laplace","2",1746,2.39319386205913,7.90364194928281,0.922988108620424,0.00260141
"2714","4213","/home/danilo/Documentos/Doutorado/artigo_mestrado/1A.P_MOVER/simulacao/ref2714_NA_4213.txt","PRanto11","yes","ok NAB digitado! Checado","exata","parcelas","PR","contiguous",100,1,"DBH>=5.0cm",4292,"UC Uso Sustentavel",5396.76,8600,"Atlantic_Forest","FOD","FODSm","secondary",40,"2009",2009,1746,102,"/home/danilo/Documentos/Doutorado/artigo_mestrado/paisagens_atualizadas/ref2714_NA_4213.tif",0.0999999999999999,"laplace","2",1746,2.39319386205913,7.90364194928281,0.922988108620424,0.00253941
"2714","4213","/home/danilo/Documentos/Doutorado/artigo_mestrado/1A.P_MOVER/simulacao/ref2714_NA_4213.txt","PRanto11","yes","ok NAB digitado! Checado","exata","parcelas","PR","contiguous",100,1,"DBH>=5.0cm",4292,"UC Uso Sustentavel",5396.76,8600,"Atlantic_Forest","FOD","FODSm","secondary",40,"2009",2009,1746,102,"/home/danilo/Documentos/Doutorado/artigo_mestrado/paisagens_atualizadas/ref2714_NA_4213.tif",0.0999999999999999,"laplace","2",1746,2.39319386205913,7.90364194928281,0.922988108620424,0.00260077
"2714","4213","/home/danilo/Documentos/Doutorado/artigo_mestrado/1A.P_MOVER/simulacao/ref2714_NA_4213.txt","PRanto11","yes","ok NAB digitado! Checado","exata","parcelas","PR","contiguous",100,1,"DBH>=5.0cm",4292,"UC Uso Sustentavel",5396.76,8600,"Atlantic_Forest","FOD","FODSm","secondary",40,"2009",2009,1746,102,"/home/danilo/Documentos/Doutorado/artigo_mestrado/paisagens_atualizadas/ref2714_NA_4213.tif",0.0999999999999999,"laplace","2",1746,2.39319386205913,7.90364194928281,0.922988108620424,0.00239532
"2714","4213","/home/danilo/Documentos/Doutorado/artigo_mestrado/1A.P_MOVER/simulacao/ref2714_NA_4213.txt","PRanto11","yes","ok NAB digitado! Checado","exata","parcelas","PR","contiguous",100,1,"DBH>=5.0cm",4292,"UC Uso Sustentavel",5396.76,8600,"Atlantic_Forest","FOD","FODSm","secondary",40,"2009",2009,1746,102,"/home/danilo/Documentos/Doutorado/artigo_mestrado/paisagens_atualizadas/ref2714_NA_4213.tif",0.0999999999999999,"laplace","2",1746,2.39319386205913,7.90364194928281,0.922988108620424,0.002435
"2714","4214","/home/danilo/Documentos/Doutorado/artigo_mestrado/1A.P_MOVER/simulacao/ref2714_NA_4214.txt","PRanto12","yes","ok NAB digitado! Checado","exata","parcelas","PR","contiguous",100,1,"DBH>=5.0cm",4292,"UC Uso Sustentavel",179200,8600,"Atlantic_Forest","FOD","FODSm","primary",100,"2009",2009,1471,155,"/home/danilo/Documentos/Doutorado/artigo_mestrado/paisagens_atualizadas/ref2714_NA_4214.tif",0.0999999999999999,"laplace","2",1471,2.6073159633943,8.7338596445652,0.943213610586011,0.00659962
"2714","4214","/home/danilo/Documentos/Doutorado/artigo_mestrado/1A.P_MOVER/simulacao/ref2714_NA_4214.txt","PRanto12","yes","ok NAB digitado! Checado","exata","parcelas","PR","contiguous",100,1,"DBH>=5.0cm",4292,"UC Uso Sustentavel",179200,8600,"Atlantic_Forest","FOD","FODSm","primary",100,"2009",2009,1471,155,"/home/danilo/Documentos/Doutorado/artigo_mestrado/paisagens_atualizadas/ref2714_NA_4214.tif",0.0999999999999999,"laplace","2",1471,2.6073159633943,8.7338596445652,0.943213610586011,0.0073821
"2714","4214","/home/danilo/Documentos/Doutorado/artigo_mestrado/1A.P_MOVER/simulacao/ref2714_NA_4214.txt","PRanto12","yes","ok NAB digitado! Checado","exata","parcelas","PR","contiguous",100,1,"DBH>=5.0cm",4292,"UC Uso Sustentavel",179200,8600,"Atlantic_Forest","FOD","FODSm","primary",100,"2009",2009,1471,155,"/home/danilo/Documentos/Doutorado/artigo_mestrado/paisagens_atualizadas/ref2714_NA_4214.tif",0.0999999999999999,"laplace","2",1471,2.6073159633943,8.7338596445652,0.943213610586011,0.0071604
"2714","4214","/home/danilo/Documentos/Doutorado/artigo_mestrado/1A.P_MOVER/simulacao/ref2714_NA_4214.txt","PRanto12","yes","ok NAB digitado! Checado","exata","parcelas","PR","contiguous",100,1,"DBH>=5.0cm",4292,"UC Uso Sustentavel",179200,8600,"Atlantic_Forest","FOD","FODSm","primary",100,"2009",2009,1471,155,"/home/danilo/Documentos/Doutorado/artigo_mestrado/paisagens_atualizadas/ref2714_NA_4214.tif",0.0999999999999999,"laplace","2",1471,2.6073159633943,8.7338596445652,0.943213610586011,0.00816425
"2714","4214","/home/danilo/Documentos/Doutorado/artigo_mestrado/1A.P_MOVER/simulacao/ref2714_NA_4214.txt","PRanto12","yes","ok NAB digitado! Checado","exata","parcelas","PR","contiguous",100,1,"DBH>=5.0cm",4292,"UC Uso Sustentavel",179200,8600,"Atlantic_Forest","FOD","FODSm","primary",100,"2009",2009,1471,155,"/home/danilo/Documentos/Doutorado/artigo_mestrado/paisagens_atualizadas/ref2714_NA_4214.tif",0.0999999999999999,"laplace","2",1471,2.6073159633943,8.7338596445652,0.943213610586011,0.00726001
"2714","4214","/home/danilo/Documentos/Doutorado/artigo_mestrado/1A.P_MOVER/simulacao/ref2714_NA_4214.txt","PRanto12","yes","ok NAB digitado! Checado","exata","parcelas","PR","contiguous",100,1,"DBH>=5.0cm",4292,"UC Uso Sustentavel",179200,8600,"Atlantic_Forest","FOD","FODSm","primary",100,"2009",2009,1471,155,"/home/danilo/Documentos/Doutorado/artigo_mestrado/paisagens_atualizadas/ref2714_NA_4214.tif",0.0999999999999999,"laplace","2",1471,2.6073159633943,8.7338596445652,0.943213610586011,0.00721242
"2714","4214","/home/danilo/Documentos/Doutorado/artigo_mestrado/1A.P_MOVER/simulacao/ref2714_NA_4214.txt","PRanto12","yes","ok NAB digitado! Checado","exata","parcelas","PR","contiguous",100,1,"DBH>=5.0cm",4292,"UC Uso Sustentavel",179200,8600,"Atlantic_Forest","FOD","FODSm","primary",100,"2009",2009,1471,155,"/home/danilo/Documentos/Doutorado/artigo_mestrado/paisagens_atualizadas/ref2714_NA_4214.tif",0.0999999999999999,"laplace","2",1471,2.6073159633943,8.7338596445652,0.943213610586011,0.00702684
"2714","4214","/home/danilo/Documentos/Doutorado/artigo_mestrado/1A.P_MOVER/simulacao/ref2714_NA_4214.txt","PRanto12","yes","ok NAB digitado! Checado","exata","parcelas","PR","contiguous",100,1,"DBH>=5.0cm",4292,"UC Uso Sustentavel",179200,8600,"Atlantic_Forest","FOD","FODSm","primary",100,"2009",2009,1471,155,"/home/danilo/Documentos/Doutorado/artigo_mestrado/paisagens_atualizadas/ref2714_NA_4214.tif",0.0999999999999999,"laplace","2",1471,2.6073159633943,8.7338596445652,0.943213610586011,0.00708618
"2714","4214","/home/danilo/Documentos/Doutorado/artigo_mestrado/1A.P_MOVER/simulacao/ref2714_NA_4214.txt","PRanto12","yes","ok NAB digitado! Checado","exata","parcelas","PR","contiguous",100,1,"DBH>=5.0cm",4292,"UC Uso Sustentavel",179200,8600,"Atlantic_Forest","FOD","FODSm","primary",100,"2009",2009,1471,155,"/home/danilo/Documentos/Doutorado/artigo_mestrado/paisagens_atualizadas/ref2714_NA_4214.tif",0.0999999999999999,"laplace","2",1471,2.6073159633943,8.7338596445652,0.943213610586011,0.00698355
"2714","4214","/home/danilo/Documentos/Doutorado/artigo_mestrado/1A.P_MOVER/simulacao/ref2714_NA_4214.txt","PRanto12","yes","ok NAB digitado! Checado","exata","parcelas","PR","contiguous",100,1,"DBH>=5.0cm",4292,"UC Uso Sustentavel",179200,8600,"Atlantic_Forest","FOD","FODSm","primary",100,"2009",2009,1471,155,"/home/danilo/Documentos/Doutorado/artigo_mestrado/paisagens_atualizadas/ref2714_NA_4214.tif",0.0999999999999999,"laplace","2",1471,2.6073159633943,8.7338596445652,0.943213610586011,0.00749294
"2714","4215","/home/danilo/Documentos/Doutorado/artigo_mestrado/1A.P_MOVER/simulacao/ref2714_NA_4215.txt","PRanto13","yes","ok NAB digitado! Checado","exata","parcelas","PR","contiguous",100,1,"DBH>=5.0cm",4292,"UC Uso Sustentavel",179200,8600,"Atlantic_Forest","FOD","FODSm","secondary",50,"2009",2009,1685,133,"/home/danilo/Documentos/Doutorado/artigo_mestrado/paisagens_atualizadas/ref2714_NA_4215.tif",0.0999999999999999,"laplace","2",1685,2.43612768567048,8.13834176274923,0.943505590357878,0.00686759
"2714","4215","/home/danilo/Documentos/Doutorado/artigo_mestrado/1A.P_MOVER/simulacao/ref2714_NA_4215.txt","PRanto13","yes","ok NAB digitado! Checado","exata","parcelas","PR","contiguous",100,1,"DBH>=5.0cm",4292,"UC Uso Sustentavel",179200,8600,"Atlantic_Forest","FOD","FODSm","secondary",50,"2009",2009,1685,133,"/home/danilo/Documentos/Doutorado/artigo_mestrado/paisagens_atualizadas/ref2714_NA_4215.tif",0.0999999999999999,"laplace","2",1685,2.43612768567048,8.13834176274923,0.943505590357878,0.00695255
"2714","4215","/home/danilo/Documentos/Doutorado/artigo_mestrado/1A.P_MOVER/simulacao/ref2714_NA_4215.txt","PRanto13","yes","ok NAB digitado! Checado","exata","parcelas","PR","contiguous",100,1,"DBH>=5.0cm",4292,"UC Uso Sustentavel",179200,8600,"Atlantic_Forest","FOD","FODSm","secondary",50,"2009",2009,1685,133,"/home/danilo/Documentos/Doutorado/artigo_mestrado/paisagens_atualizadas/ref2714_NA_4215.tif",0.0999999999999999,"laplace","2",1685,2.43612768567048,8.13834176274923,0.943505590357878,0.00681915
"2714","4215","/home/danilo/Documentos/Doutorado/artigo_mestrado/1A.P_MOVER/simulacao/ref2714_NA_4215.txt","PRanto13","yes","ok NAB digitado! Checado","exata","parcelas","PR","contiguous",100,1,"DBH>=5.0cm",4292,"UC Uso Sustentavel",179200,8600,"Atlantic_Forest","FOD","FODSm","secondary",50,"2009",2009,1685,133,"/home/danilo/Documentos/Doutorado/artigo_mestrado/paisagens_atualizadas/ref2714_NA_4215.tif",0.0999999999999999,"laplace","2",1685,2.43612768567048,8.13834176274923,0.943505590357878,0.00680067
"2714","4215","/home/danilo/Documentos/Doutorado/artigo_mestrado/1A.P_MOVER/simulacao/ref2714_NA_4215.txt","PRanto13","yes","ok NAB digitado! Checado","exata","parcelas","PR","contiguous",100,1,"DBH>=5.0cm",4292,"UC Uso Sustentavel",179200,8600,"Atlantic_Forest","FOD","FODSm","secondary",50,"2009",2009,1685,133,"/home/danilo/Documentos/Doutorado/artigo_mestrado/paisagens_atualizadas/ref2714_NA_4215.tif",0.0999999999999999,"laplace","2",1685,2.43612768567048,8.13834176274923,0.943505590357878,0.00681998
"2714","4215","/home/danilo/Documentos/Doutorado/artigo_mestrado/1A.P_MOVER/simulacao/ref2714_NA_4215.txt","PRanto13","yes","ok NAB digitado! Checado","exata","parcelas","PR","contiguous",100,1,"DBH>=5.0cm",4292,"UC Uso Sustentavel",179200,8600,"Atlantic_Forest","FOD","FODSm","secondary",50,"2009",2009,1685,133,"/home/danilo/Documentos/Doutorado/artigo_mestrado/paisagens_atualizadas/ref2714_NA_4215.tif",0.0999999999999999,"laplace","2",1685,2.43612768567048,8.13834176274923,0.943505590357878,0.00664348
"2714","4215","/home/danilo/Documentos/Doutorado/artigo_mestrado/1A.P_MOVER/simulacao/ref2714_NA_4215.txt","PRanto13","yes","ok NAB digitado! Checado","exata","parcelas","PR","contiguous",100,1,"DBH>=5.0cm",4292,"UC Uso Sustentavel",179200,8600,"Atlantic_Forest","FOD","FODSm","secondary",50,"2009",2009,1685,133,"/home/danilo/Documentos/Doutorado/artigo_mestrado/paisagens_atualizadas/ref2714_NA_4215.tif",0.0999999999999999,"laplace","2",1685,2.43612768567048,8.13834176274923,0.943505590357878,0.00652117
"2714","4215","/home/danilo/Documentos/Doutorado/artigo_mestrado/1A.P_MOVER/simulacao/ref2714_NA_4215.txt","PRanto13","yes","ok NAB digitado! Checado","exata","parcelas","PR","contiguous",100,1,"DBH>=5.0cm",4292,"UC Uso Sustentavel",179200,8600,"Atlantic_Forest","FOD","FODSm","secondary",50,"2009",2009,1685,133,"/home/danilo/Documentos/Doutorado/artigo_mestrado/paisagens_atualizadas/ref2714_NA_4215.tif",0.0999999999999999,"laplace","2",1685,2.43612768567048,8.13834176274923,0.943505590357878,0.00664348
"2714","4215","/home/danilo/Documentos/Doutorado/artigo_mestrado/1A.P_MOVER/simulacao/ref2714_NA_4215.txt","PRanto13","yes","ok NAB digitado! Checado","exata","parcelas","PR","contiguous",100,1,"DBH>=5.0cm",4292,"UC Uso Sustentavel",179200,8600,"Atlantic_Forest","FOD","FODSm","secondary",50,"2009",2009,1685,133,"/home/danilo/Documentos/Doutorado/artigo_mestrado/paisagens_atualizadas/ref2714_NA_4215.tif",0.0999999999999999,"laplace","2",1685,2.43612768567048,8.13834176274923,0.943505590357878,0.00705215
"2714","4215","/home/danilo/Documentos/Doutorado/artigo_mestrado/1A.P_MOVER/simulacao/ref2714_NA_4215.txt","PRanto13","yes","ok NAB digitado! Checado","exata","parcelas","PR","contiguous",100,1,"DBH>=5.0cm",4292,"UC Uso Sustentavel",179200,8600,"Atlantic_Forest","FOD","FODSm","secondary",50,"2009",2009,1685,133,"/home/danilo/Documentos/Doutorado/artigo_mestrado/paisagens_atualizadas/ref2714_NA_4215.tif",0.0999999999999999,"laplace","2",1685,2.43612768567048,8.13834176274923,0.943505590357878,0.0070532
"2714","4216","/home/danilo/Documentos/Doutorado/artigo_mestrado/1A.P_MOVER/simulacao/ref2714_NA_4216.txt","PRanto14","yes","ok NAB digitado! Checado","exata","parcelas","PR","contiguous",100,1,"DBH>=5.0cm",4292,"UC Uso Sustentavel",179200,8600,"Atlantic_Forest","FOD","FODSm","capoeira",20,"2009",2009,2134,73,"/home/danilo/Documentos/Doutorado/artigo_mestrado/paisagens_atualizadas/ref2714_NA_4216.tif",0.0999999999999999,"laplace","2",2134,2.1647252975541,7.09818514512311,0.939663438675848,0.00298088
"2714","4216","/home/danilo/Documentos/Doutorado/artigo_mestrado/1A.P_MOVER/simulacao/ref2714_NA_4216.txt","PRanto14","yes","ok NAB digitado! Checado","exata","parcelas","PR","contiguous",100,1,"DBH>=5.0cm",4292,"UC Uso Sustentavel",179200,8600,"Atlantic_Forest","FOD","FODSm","capoeira",20,"2009",2009,2134,73,"/home/danilo/Documentos/Doutorado/artigo_mestrado/paisagens_atualizadas/ref2714_NA_4216.tif",0.0999999999999999,"laplace","2",2134,2.1647252975541,7.09818514512311,0.939663438675848,0.00331892
"2714","4216","/home/danilo/Documentos/Doutorado/artigo_mestrado/1A.P_MOVER/simulacao/ref2714_NA_4216.txt","PRanto14","yes","ok NAB digitado! Checado","exata","parcelas","PR","contiguous",100,1,"DBH>=5.0cm",4292,"UC Uso Sustentavel",179200,8600,"Atlantic_Forest","FOD","FODSm","capoeira",20,"2009",2009,2134,73,"/home/danilo/Documentos/Doutorado/artigo_mestrado/paisagens_atualizadas/ref2714_NA_4216.tif",0.0999999999999999,"laplace","2",2134,2.1647252975541,7.09818514512311,0.939663438675848,0.00307264
"2714","4216","/home/danilo/Documentos/Doutorado/artigo_mestrado/1A.P_MOVER/simulacao/ref2714_NA_4216.txt","PRanto14","yes","ok NAB digitado! Checado","exata","parcelas","PR","contiguous",100,1,"DBH>=5.0cm",4292,"UC Uso Sustentavel",179200,8600,"Atlantic_Forest","FOD","FODSm","capoeira",20,"2009",2009,2134,73,"/home/danilo/Documentos/Doutorado/artigo_mestrado/paisagens_atualizadas/ref2714_NA_4216.tif",0.0999999999999999,"laplace","2",2134,2.1647252975541,7.09818514512311,0.939663438675848,0.00313648
"2714","4216","/home/danilo/Documentos/Doutorado/artigo_mestrado/1A.P_MOVER/simulacao/ref2714_NA_4216.txt","PRanto14","yes","ok NAB digitado! Checado","exata","parcelas","PR","contiguous",100,1,"DBH>=5.0cm",4292,"UC Uso Sustentavel",179200,8600,"Atlantic_Forest","FOD","FODSm","capoeira",20,"2009",2009,2134,73,"/home/danilo/Documentos/Doutorado/artigo_mestrado/paisagens_atualizadas/ref2714_NA_4216.tif",0.0999999999999999,"laplace","2",2134,2.1647252975541,7.09818514512311,0.939663438675848,0.00287096
"2714","4216","/home/danilo/Documentos/Doutorado/artigo_mestrado/1A.P_MOVER/simulacao/ref2714_NA_4216.txt","PRanto14","yes","ok NAB digitado! Checado","exata","parcelas","PR","contiguous",100,1,"DBH>=5.0cm",4292,"UC Uso Sustentavel",179200,8600,"Atlantic_Forest","FOD","FODSm","capoeira",20,"2009",2009,2134,73,"/home/danilo/Documentos/Doutorado/artigo_mestrado/paisagens_atualizadas/ref2714_NA_4216.tif",0.0999999999999999,"laplace","2",2134,2.1647252975541,7.09818514512311,0.939663438675848,0.00292323
"2714","4216","/home/danilo/Documentos/Doutorado/artigo_mestrado/1A.P_MOVER/simulacao/ref2714_NA_4216.txt","PRanto14","yes","ok NAB digitado! Checado","exata","parcelas","PR","contiguous",100,1,"DBH>=5.0cm",4292,"UC Uso Sustentavel",179200,8600,"Atlantic_Forest","FOD","FODSm","capoeira",20,"2009",2009,2134,73,"/home/danilo/Documentos/Doutorado/artigo_mestrado/paisagens_atualizadas/ref2714_NA_4216.tif",0.0999999999999999,"laplace","2",2134,2.1647252975541,7.09818514512311,0.939663438675848,0.00307664
"2714","4216","/home/danilo/Documentos/Doutorado/artigo_mestrado/1A.P_MOVER/simulacao/ref2714_NA_4216.txt","PRanto14","yes","ok NAB digitado! Checado","exata","parcelas","PR","contiguous",100,1,"DBH>=5.0cm",4292,"UC Uso Sustentavel",179200,8600,"Atlantic_Forest","FOD","FODSm","capoeira",20,"2009",2009,2134,73,"/home/danilo/Documentos/Doutorado/artigo_mestrado/paisagens_atualizadas/ref2714_NA_4216.tif",0.0999999999999999,"laplace","2",2134,2.1647252975541,7.09818514512311,0.939663438675848,0.00322881
"2714","4216","/home/danilo/Documentos/Doutorado/artigo_mestrado/1A.P_MOVER/simulacao/ref2714_NA_4216.txt","PRanto14","yes","ok NAB digitado! Checado","exata","parcelas","PR","contiguous",100,1,"DBH>=5.0cm",4292,"UC Uso Sustentavel",179200,8600,"Atlantic_Forest","FOD","FODSm","capoeira",20,"2009",2009,2134,73,"/home/danilo/Documentos/Doutorado/artigo_mestrado/paisagens_atualizadas/ref2714_NA_4216.tif",0.0999999999999999,"laplace","2",2134,2.1647252975541,7.09818514512311,0.939663438675848,0.00306326
"2714","4216","/home/danilo/Documentos/Doutorado/artigo_mestrado/1A.P_MOVER/simulacao/ref2714_NA_4216.txt","PRanto14","yes","ok NAB digitado! Checado","exata","parcelas","PR","contiguous",100,1,"DBH>=5.0cm",4292,"UC Uso Sustentavel",179200,8600,"Atlantic_Forest","FOD","FODSm","capoeira",20,"2009",2009,2134,73,"/home/danilo/Documentos/Doutorado/artigo_mestrado/paisagens_atualizadas/ref2714_NA_4216.tif",0.0999999999999999,"laplace","2",2134,2.1647252975541,7.09818514512311,0.939663438675848,0.00316497
"2714","4217","/home/danilo/Documentos/Doutorado/artigo_mestrado/1A.P_MOVER/simulacao/ref2714_NA_4217.txt","PRanto15","yes","ok NAB digitado! Checado","exata","parcelas","PR","contiguous",100,1,"DBH>=5.0cm",4292,"UC Uso Sustentavel",179200,8600,"Atlantic_Forest","FOD","FODSm","primary",80,"2009",2009,1658,143,"/home/danilo/Documentos/Doutorado/artigo_mestrado/paisagens_atualizadas/ref2714_NA_4217.tif",0.0999999999999999,"laplace","2",1658,2.45588336206301,8.18825499107027,0.942668538740596,0.00627004
"2714","4217","/home/danilo/Documentos/Doutorado/artigo_mestrado/1A.P_MOVER/simulacao/ref2714_NA_4217.txt","PRanto15","yes","ok NAB digitado! Checado","exata","parcelas","PR","contiguous",100,1,"DBH>=5.0cm",4292,"UC Uso Sustentavel",179200,8600,"Atlantic_Forest","FOD","FODSm","primary",80,"2009",2009,1658,143,"/home/danilo/Documentos/Doutorado/artigo_mestrado/paisagens_atualizadas/ref2714_NA_4217.tif",0.0999999999999999,"laplace","2",1658,2.45588336206301,8.18825499107027,0.942668538740596,0.00629744
"2714","4217","/home/danilo/Documentos/Doutorado/artigo_mestrado/1A.P_MOVER/simulacao/ref2714_NA_4217.txt","PRanto15","yes","ok NAB digitado! Checado","exata","parcelas","PR","contiguous",100,1,"DBH>=5.0cm",4292,"UC Uso Sustentavel",179200,8600,"Atlantic_Forest","FOD","FODSm","primary",80,"2009",2009,1658,143,"/home/danilo/Documentos/Doutorado/artigo_mestrado/paisagens_atualizadas/ref2714_NA_4217.tif",0.0999999999999999,"laplace","2",1658,2.45588336206301,8.18825499107027,0.942668538740596,0.00671642
"2714","4217","/home/danilo/Documentos/Doutorado/artigo_mestrado/1A.P_MOVER/simulacao/ref2714_NA_4217.txt","PRanto15","yes","ok NAB digitado! Checado","exata","parcelas","PR","contiguous",100,1,"DBH>=5.0cm",4292,"UC Uso Sustentavel",179200,8600,"Atlantic_Forest","FOD","FODSm","primary",80,"2009",2009,1658,143,"/home/danilo/Documentos/Doutorado/artigo_mestrado/paisagens_atualizadas/ref2714_NA_4217.tif",0.0999999999999999,"laplace","2",1658,2.45588336206301,8.18825499107027,0.942668538740596,0.00653323
"2714","4217","/home/danilo/Documentos/Doutorado/artigo_mestrado/1A.P_MOVER/simulacao/ref2714_NA_4217.txt","PRanto15","yes","ok NAB digitado! Checado","exata","parcelas","PR","contiguous",100,1,"DBH>=5.0cm",4292,"UC Uso Sustentavel",179200,8600,"Atlantic_Forest","FOD","FODSm","primary",80,"2009",2009,1658,143,"/home/danilo/Documentos/Doutorado/artigo_mestrado/paisagens_atualizadas/ref2714_NA_4217.tif",0.0999999999999999,"laplace","2",1658,2.45588336206301,8.18825499107027,0.942668538740596,0.00716385
"2714","4217","/home/danilo/Documentos/Doutorado/artigo_mestrado/1A.P_MOVER/simulacao/ref2714_NA_4217.txt","PRanto15","yes","ok NAB digitado! Checado","exata","parcelas","PR","contiguous",100,1,"DBH>=5.0cm",4292,"UC Uso Sustentavel",179200,8600,"Atlantic_Forest","FOD","FODSm","primary",80,"2009",2009,1658,143,"/home/danilo/Documentos/Doutorado/artigo_mestrado/paisagens_atualizadas/ref2714_NA_4217.tif",0.0999999999999999,"laplace","2",1658,2.45588336206301,8.18825499107027,0.942668538740596,0.00683575
"2714","4217","/home/danilo/Documentos/Doutorado/artigo_mestrado/1A.P_MOVER/simulacao/ref2714_NA_4217.txt","PRanto15","yes","ok NAB digitado! Checado","exata","parcelas","PR","contiguous",100,1,"DBH>=5.0cm",4292,"UC Uso Sustentavel",179200,8600,"Atlantic_Forest","FOD","FODSm","primary",80,"2009",2009,1658,143,"/home/danilo/Documentos/Doutorado/artigo_mestrado/paisagens_atualizadas/ref2714_NA_4217.tif",0.0999999999999999,"laplace","2",1658,2.45588336206301,8.18825499107027,0.942668538740596,0.00705838
"2714","4217","/home/danilo/Documentos/Doutorado/artigo_mestrado/1A.P_MOVER/simulacao/ref2714_NA_4217.txt","PRanto15","yes","ok NAB digitado! Checado","exata","parcelas","PR","contiguous",100,1,"DBH>=5.0cm",4292,"UC Uso Sustentavel",179200,8600,"Atlantic_Forest","FOD","FODSm","primary",80,"2009",2009,1658,143,"/home/danilo/Documentos/Doutorado/artigo_mestrado/paisagens_atualizadas/ref2714_NA_4217.tif",0.0999999999999999,"laplace","2",1658,2.45588336206301,8.18825499107027,0.942668538740596,0.00652388
"2714","4217","/home/danilo/Documentos/Doutorado/artigo_mestrado/1A.P_MOVER/simulacao/ref2714_NA_4217.txt","PRanto15","yes","ok NAB digitado! Checado","exata","parcelas","PR","contiguous",100,1,"DBH>=5.0cm",4292,"UC Uso Sustentavel",179200,8600,"Atlantic_Forest","FOD","FODSm","primary",80,"2009",2009,1658,143,"/home/danilo/Documentos/Doutorado/artigo_mestrado/paisagens_atualizadas/ref2714_NA_4217.tif",0.0999999999999999,"laplace","2",1658,2.45588336206301,8.18825499107027,0.942668538740596,0.00670005
"2714","4217","/home/danilo/Documentos/Doutorado/artigo_mestrado/1A.P_MOVER/simulacao/ref2714_NA_4217.txt","PRanto15","yes","ok NAB digitado! Checado","exata","parcelas","PR","contiguous",100,1,"DBH>=5.0cm",4292,"UC Uso Sustentavel",179200,8600,"Atlantic_Forest","FOD","FODSm","primary",80,"2009",2009,1658,143,"/home/danilo/Documentos/Doutorado/artigo_mestrado/paisagens_atualizadas/ref2714_NA_4217.tif",0.0999999999999999,"laplace","2",1658,2.45588336206301,8.18825499107027,0.942668538740596,0.00714925
"2715","4218","/home/danilo/Documentos/Doutorado/artigo_mestrado/1A.P_MOVER/simulacao/ref2715_NA_4218.txt","SCside4","yes","ok NAB digitado! Checado","exata","parcelas","SC","contiguous",100,1,"DBH>=5.0cm",NA,NA,165.35,NA,"Atlantic_Forest","FOD","FODSm","primary",100,"2008",2008,1423,143,"/home/danilo/Documentos/Doutorado/artigo_mestrado/paisagens_atualizadas/ref2715_NA_4218.tif",0.0999999999999999,"laplace","2",1423,2.65092566603795,8.77651921740009,0.618785344315909,0.0160913
"2715","4218","/home/danilo/Documentos/Doutorado/artigo_mestrado/1A.P_MOVER/simulacao/ref2715_NA_4218.txt","SCside4","yes","ok NAB digitado! Checado","exata","parcelas","SC","contiguous",100,1,"DBH>=5.0cm",NA,NA,165.35,NA,"Atlantic_Forest","FOD","FODSm","primary",100,"2008",2008,1423,143,"/home/danilo/Documentos/Doutorado/artigo_mestrado/paisagens_atualizadas/ref2715_NA_4218.tif",0.0999999999999999,"laplace","2",1423,2.65092566603795,8.77651921740009,0.618785344315909,0.016997
"2715","4218","/home/danilo/Documentos/Doutorado/artigo_mestrado/1A.P_MOVER/simulacao/ref2715_NA_4218.txt","SCside4","yes","ok NAB digitado! Checado","exata","parcelas","SC","contiguous",100,1,"DBH>=5.0cm",NA,NA,165.35,NA,"Atlantic_Forest","FOD","FODSm","primary",100,"2008",2008,1423,143,"/home/danilo/Documentos/Doutorado/artigo_mestrado/paisagens_atualizadas/ref2715_NA_4218.tif",0.0999999999999999,"laplace","2",1423,2.65092566603795,8.77651921740009,0.618785344315909,0.0163883
"2715","4218","/home/danilo/Documentos/Doutorado/artigo_mestrado/1A.P_MOVER/simulacao/ref2715_NA_4218.txt","SCside4","yes","ok NAB digitado! Checado","exata","parcelas","SC","contiguous",100,1,"DBH>=5.0cm",NA,NA,165.35,NA,"Atlantic_Forest","FOD","FODSm","primary",100,"2008",2008,1423,143,"/home/danilo/Documentos/Doutorado/artigo_mestrado/paisagens_atualizadas/ref2715_NA_4218.tif",0.0999999999999999,"laplace","2",1423,2.65092566603795,8.77651921740009,0.618785344315909,0.0167927
"2715","4218","/home/danilo/Documentos/Doutorado/artigo_mestrado/1A.P_MOVER/simulacao/ref2715_NA_4218.txt","SCside4","yes","ok NAB digitado! Checado","exata","parcelas","SC","contiguous",100,1,"DBH>=5.0cm",NA,NA,165.35,NA,"Atlantic_Forest","FOD","FODSm","primary",100,"2008",2008,1423,143,"/home/danilo/Documentos/Doutorado/artigo_mestrado/paisagens_atualizadas/ref2715_NA_4218.tif",0.0999999999999999,"laplace","2",1423,2.65092566603795,8.77651921740009,0.618785344315909,0.0167927
"2715","4218","/home/danilo/Documentos/Doutorado/artigo_mestrado/1A.P_MOVER/simulacao/ref2715_NA_4218.txt","SCside4","yes","ok NAB digitado! Checado","exata","parcelas","SC","contiguous",100,1,"DBH>=5.0cm",NA,NA,165.35,NA,"Atlantic_Forest","FOD","FODSm","primary",100,"2008",2008,1423,143,"/home/danilo/Documentos/Doutorado/artigo_mestrado/paisagens_atualizadas/ref2715_NA_4218.tif",0.0999999999999999,"laplace","2",1423,2.65092566603795,8.77651921740009,0.618785344315909,0.0162577
"2715","4218","/home/danilo/Documentos/Doutorado/artigo_mestrado/1A.P_MOVER/simulacao/ref2715_NA_4218.txt","SCside4","yes","ok NAB digitado! Checado","exata","parcelas","SC","contiguous",100,1,"DBH>=5.0cm",NA,NA,165.35,NA,"Atlantic_Forest","FOD","FODSm","primary",100,"2008",2008,1423,143,"/home/danilo/Documentos/Doutorado/artigo_mestrado/paisagens_atualizadas/ref2715_NA_4218.tif",0.0999999999999999,"laplace","2",1423,2.65092566603795,8.77651921740009,0.618785344315909,0.0170581
"2715","4218","/home/danilo/Documentos/Doutorado/artigo_mestrado/1A.P_MOVER/simulacao/ref2715_NA_4218.txt","SCside4","yes","ok NAB digitado! Checado","exata","parcelas","SC","contiguous",100,1,"DBH>=5.0cm",NA,NA,165.35,NA,"Atlantic_Forest","FOD","FODSm","primary",100,"2008",2008,1423,143,"/home/danilo/Documentos/Doutorado/artigo_mestrado/paisagens_atualizadas/ref2715_NA_4218.tif",0.0999999999999999,"laplace","2",1423,2.65092566603795,8.77651921740009,0.618785344315909,0.0168445
"2715","4218","/home/danilo/Documentos/Doutorado/artigo_mestrado/1A.P_MOVER/simulacao/ref2715_NA_4218.txt","SCside4","yes","ok NAB digitado! Checado","exata","parcelas","SC","contiguous",100,1,"DBH>=5.0cm",NA,NA,165.35,NA,"Atlantic_Forest","FOD","FODSm","primary",100,"2008",2008,1423,143,"/home/danilo/Documentos/Doutorado/artigo_mestrado/paisagens_atualizadas/ref2715_NA_4218.tif",0.0999999999999999,"laplace","2",1423,2.65092566603795,8.77651921740009,0.618785344315909,0.0167927
"2715","4218","/home/danilo/Documentos/Doutorado/artigo_mestrado/1A.P_MOVER/simulacao/ref2715_NA_4218.txt","SCside4","yes","ok NAB digitado! Checado","exata","parcelas","SC","contiguous",100,1,"DBH>=5.0cm",NA,NA,165.35,NA,"Atlantic_Forest","FOD","FODSm","primary",100,"2008",2008,1423,143,"/home/danilo/Documentos/Doutorado/artigo_mestrado/paisagens_atualizadas/ref2715_NA_4218.tif",0.0999999999999999,"laplace","2",1423,2.65092566603795,8.77651921740009,0.618785344315909,0.0158305
"2812","4452","/home/danilo/Documentos/Doutorado/artigo_mestrado/1A.P_MOVER/simulacao/ref2812_NA_4452.txt","SPcana1","yes","ok N digitado! Checado","exata","parcelas","SP","contiguous/systematic",120,1.2,"PBH>=15.0cm",202307,"private_in_APA",63,63,"Atlantic_Forest","FOD","FODTB","primary/secondary",NA,"2010",2010,2311,162,"/home/danilo/Documentos/Doutorado/artigo_mestrado/paisagens_atualizadas/ref2812_NA_4452.tif",0.0999999999999999,"laplace","2",1925.83333333333,2.27871835348014,7.6222511174213,0.865494500685329,0.00490118
"2812","4452","/home/danilo/Documentos/Doutorado/artigo_mestrado/1A.P_MOVER/simulacao/ref2812_NA_4452.txt","SPcana1","yes","ok N digitado! Checado","exata","parcelas","SP","contiguous/systematic",120,1.2,"PBH>=15.0cm",202307,"private_in_APA",63,63,"Atlantic_Forest","FOD","FODTB","primary/secondary",NA,"2010",2010,2311,162,"/home/danilo/Documentos/Doutorado/artigo_mestrado/paisagens_atualizadas/ref2812_NA_4452.tif",0.0999999999999999,"laplace","2",1925.83333333333,2.27871835348014,7.6222511174213,0.865494500685329,0.00532062
"2812","4452","/home/danilo/Documentos/Doutorado/artigo_mestrado/1A.P_MOVER/simulacao/ref2812_NA_4452.txt","SPcana1","yes","ok N digitado! Checado","exata","parcelas","SP","contiguous/systematic",120,1.2,"PBH>=15.0cm",202307,"private_in_APA",63,63,"Atlantic_Forest","FOD","FODTB","primary/secondary",NA,"2010",2010,2311,162,"/home/danilo/Documentos/Doutorado/artigo_mestrado/paisagens_atualizadas/ref2812_NA_4452.tif",0.0999999999999999,"laplace","2",1925.83333333333,2.27871835348014,7.6222511174213,0.865494500685329,0.00534672
"2812","4452","/home/danilo/Documentos/Doutorado/artigo_mestrado/1A.P_MOVER/simulacao/ref2812_NA_4452.txt","SPcana1","yes","ok N digitado! Checado","exata","parcelas","SP","contiguous/systematic",120,1.2,"PBH>=15.0cm",202307,"private_in_APA",63,63,"Atlantic_Forest","FOD","FODTB","primary/secondary",NA,"2010",2010,2311,162,"/home/danilo/Documentos/Doutorado/artigo_mestrado/paisagens_atualizadas/ref2812_NA_4452.tif",0.0999999999999999,"laplace","2",1925.83333333333,2.27871835348014,7.6222511174213,0.865494500685329,0.00516229
"2812","4452","/home/danilo/Documentos/Doutorado/artigo_mestrado/1A.P_MOVER/simulacao/ref2812_NA_4452.txt","SPcana1","yes","ok N digitado! Checado","exata","parcelas","SP","contiguous/systematic",120,1.2,"PBH>=15.0cm",202307,"private_in_APA",63,63,"Atlantic_Forest","FOD","FODTB","primary/secondary",NA,"2010",2010,2311,162,"/home/danilo/Documentos/Doutorado/artigo_mestrado/paisagens_atualizadas/ref2812_NA_4452.tif",0.0999999999999999,"laplace","2",1925.83333333333,2.27871835348014,7.6222511174213,0.865494500685329,0.00516642
"2812","4452","/home/danilo/Documentos/Doutorado/artigo_mestrado/1A.P_MOVER/simulacao/ref2812_NA_4452.txt","SPcana1","yes","ok N digitado! Checado","exata","parcelas","SP","contiguous/systematic",120,1.2,"PBH>=15.0cm",202307,"private_in_APA",63,63,"Atlantic_Forest","FOD","FODTB","primary/secondary",NA,"2010",2010,2311,162,"/home/danilo/Documentos/Doutorado/artigo_mestrado/paisagens_atualizadas/ref2812_NA_4452.tif",0.0999999999999999,"laplace","2",1925.83333333333,2.27871835348014,7.6222511174213,0.865494500685329,0.00485372
"2812","4452","/home/danilo/Documentos/Doutorado/artigo_mestrado/1A.P_MOVER/simulacao/ref2812_NA_4452.txt","SPcana1","yes","ok N digitado! Checado","exata","parcelas","SP","contiguous/systematic",120,1.2,"PBH>=15.0cm",202307,"private_in_APA",63,63,"Atlantic_Forest","FOD","FODTB","primary/secondary",NA,"2010",2010,2311,162,"/home/danilo/Documentos/Doutorado/artigo_mestrado/paisagens_atualizadas/ref2812_NA_4452.tif",0.0999999999999999,"laplace","2",1925.83333333333,2.27871835348014,7.6222511174213,0.865494500685329,0.00495888
"2812","4452","/home/danilo/Documentos/Doutorado/artigo_mestrado/1A.P_MOVER/simulacao/ref2812_NA_4452.txt","SPcana1","yes","ok N digitado! Checado","exata","parcelas","SP","contiguous/systematic",120,1.2,"PBH>=15.0cm",202307,"private_in_APA",63,63,"Atlantic_Forest","FOD","FODTB","primary/secondary",NA,"2010",2010,2311,162,"/home/danilo/Documentos/Doutorado/artigo_mestrado/paisagens_atualizadas/ref2812_NA_4452.tif",0.0999999999999999,"laplace","2",1925.83333333333,2.27871835348014,7.6222511174213,0.865494500685329,0.00494553
"2812","4452","/home/danilo/Documentos/Doutorado/artigo_mestrado/1A.P_MOVER/simulacao/ref2812_NA_4452.txt","SPcana1","yes","ok N digitado! Checado","exata","parcelas","SP","contiguous/systematic",120,1.2,"PBH>=15.0cm",202307,"private_in_APA",63,63,"Atlantic_Forest","FOD","FODTB","primary/secondary",NA,"2010",2010,2311,162,"/home/danilo/Documentos/Doutorado/artigo_mestrado/paisagens_atualizadas/ref2812_NA_4452.tif",0.0999999999999999,"laplace","2",1925.83333333333,2.27871835348014,7.6222511174213,0.865494500685329,0.00460319
"2812","4452","/home/danilo/Documentos/Doutorado/artigo_mestrado/1A.P_MOVER/simulacao/ref2812_NA_4452.txt","SPcana1","yes","ok N digitado! Checado","exata","parcelas","SP","contiguous/systematic",120,1.2,"PBH>=15.0cm",202307,"private_in_APA",63,63,"Atlantic_Forest","FOD","FODTB","primary/secondary",NA,"2010",2010,2311,162,"/home/danilo/Documentos/Doutorado/artigo_mestrado/paisagens_atualizadas/ref2812_NA_4452.tif",0.0999999999999999,"laplace","2",1925.83333333333,2.27871835348014,7.6222511174213,0.865494500685329,0.00512083
"284","391","/home/danilo/Documentos/Doutorado/artigo_mestrado/1A.P_MOVER/simulacao/ref284_NA_391.txt","MGuberl5","yes","ok N digitado! Checado","precisa","parcelas","MG","contiguous",25,1,"PBH>=15.0cm",136.928163,"UC Protecao Integral",35,35,"Atlantic_Forest","FES",NA,"secondary",NA,NA,2012,958,69,"/home/danilo/Documentos/Doutorado/artigo_mestrado/paisagens_atualizadas/ref284_NA_391.tif",0.0999999999999999,"laplace","2",958,3.23085334875619,10.7959214165926,0.774314711887905,0.00283191
"284","391","/home/danilo/Documentos/Doutorado/artigo_mestrado/1A.P_MOVER/simulacao/ref284_NA_391.txt","MGuberl5","yes","ok N digitado! Checado","precisa","parcelas","MG","contiguous",25,1,"PBH>=15.0cm",136.928163,"UC Protecao Integral",35,35,"Atlantic_Forest","FES",NA,"secondary",NA,NA,2012,958,69,"/home/danilo/Documentos/Doutorado/artigo_mestrado/paisagens_atualizadas/ref284_NA_391.tif",0.0999999999999999,"laplace","2",958,3.23085334875619,10.7959214165926,0.774314711887905,0.00263439
"284","391","/home/danilo/Documentos/Doutorado/artigo_mestrado/1A.P_MOVER/simulacao/ref284_NA_391.txt","MGuberl5","yes","ok N digitado! Checado","precisa","parcelas","MG","contiguous",25,1,"PBH>=15.0cm",136.928163,"UC Protecao Integral",35,35,"Atlantic_Forest","FES",NA,"secondary",NA,NA,2012,958,69,"/home/danilo/Documentos/Doutorado/artigo_mestrado/paisagens_atualizadas/ref284_NA_391.tif",0.0999999999999999,"laplace","2",958,3.23085334875619,10.7959214165926,0.774314711887905,0.0025837
"284","391","/home/danilo/Documentos/Doutorado/artigo_mestrado/1A.P_MOVER/simulacao/ref284_NA_391.txt","MGuberl5","yes","ok N digitado! Checado","precisa","parcelas","MG","contiguous",25,1,"PBH>=15.0cm",136.928163,"UC Protecao Integral",35,35,"Atlantic_Forest","FES",NA,"secondary",NA,NA,2012,958,69,"/home/danilo/Documentos/Doutorado/artigo_mestrado/paisagens_atualizadas/ref284_NA_391.tif",0.0999999999999999,"laplace","2",958,3.23085334875619,10.7959214165926,0.774314711887905,0.00256411
"284","391","/home/danilo/Documentos/Doutorado/artigo_mestrado/1A.P_MOVER/simulacao/ref284_NA_391.txt","MGuberl5","yes","ok N digitado! Checado","precisa","parcelas","MG","contiguous",25,1,"PBH>=15.0cm",136.928163,"UC Protecao Integral",35,35,"Atlantic_Forest","FES",NA,"secondary",NA,NA,2012,958,69,"/home/danilo/Documentos/Doutorado/artigo_mestrado/paisagens_atualizadas/ref284_NA_391.tif",0.0999999999999999,"laplace","2",958,3.23085334875619,10.7959214165926,0.774314711887905,0.00301585
"284","391","/home/danilo/Documentos/Doutorado/artigo_mestrado/1A.P_MOVER/simulacao/ref284_NA_391.txt","MGuberl5","yes","ok N digitado! Checado","precisa","parcelas","MG","contiguous",25,1,"PBH>=15.0cm",136.928163,"UC Protecao Integral",35,35,"Atlantic_Forest","FES",NA,"secondary",NA,NA,2012,958,69,"/home/danilo/Documentos/Doutorado/artigo_mestrado/paisagens_atualizadas/ref284_NA_391.tif",0.0999999999999999,"laplace","2",958,3.23085334875619,10.7959214165926,0.774314711887905,0.00262647
"284","391","/home/danilo/Documentos/Doutorado/artigo_mestrado/1A.P_MOVER/simulacao/ref284_NA_391.txt","MGuberl5","yes","ok N digitado! Checado","precisa","parcelas","MG","contiguous",25,1,"PBH>=15.0cm",136.928163,"UC Protecao Integral",35,35,"Atlantic_Forest","FES",NA,"secondary",NA,NA,2012,958,69,"/home/danilo/Documentos/Doutorado/artigo_mestrado/paisagens_atualizadas/ref284_NA_391.tif",0.0999999999999999,"laplace","2",958,3.23085334875619,10.7959214165926,0.774314711887905,0.00277079
"284","391","/home/danilo/Documentos/Doutorado/artigo_mestrado/1A.P_MOVER/simulacao/ref284_NA_391.txt","MGuberl5","yes","ok N digitado! Checado","precisa","parcelas","MG","contiguous",25,1,"PBH>=15.0cm",136.928163,"UC Protecao Integral",35,35,"Atlantic_Forest","FES",NA,"secondary",NA,NA,2012,958,69,"/home/danilo/Documentos/Doutorado/artigo_mestrado/paisagens_atualizadas/ref284_NA_391.tif",0.0999999999999999,"laplace","2",958,3.23085334875619,10.7959214165926,0.774314711887905,0.00266593
"284","391","/home/danilo/Documentos/Doutorado/artigo_mestrado/1A.P_MOVER/simulacao/ref284_NA_391.txt","MGuberl5","yes","ok N digitado! Checado","precisa","parcelas","MG","contiguous",25,1,"PBH>=15.0cm",136.928163,"UC Protecao Integral",35,35,"Atlantic_Forest","FES",NA,"secondary",NA,NA,2012,958,69,"/home/danilo/Documentos/Doutorado/artigo_mestrado/paisagens_atualizadas/ref284_NA_391.tif",0.0999999999999999,"laplace","2",958,3.23085334875619,10.7959214165926,0.774314711887905,0.00280323
"284","391","/home/danilo/Documentos/Doutorado/artigo_mestrado/1A.P_MOVER/simulacao/ref284_NA_391.txt","MGuberl5","yes","ok N digitado! Checado","precisa","parcelas","MG","contiguous",25,1,"PBH>=15.0cm",136.928163,"UC Protecao Integral",35,35,"Atlantic_Forest","FES",NA,"secondary",NA,NA,2012,958,69,"/home/danilo/Documentos/Doutorado/artigo_mestrado/paisagens_atualizadas/ref284_NA_391.tif",0.0999999999999999,"laplace","2",958,3.23085334875619,10.7959214165926,0.774314711887905,0.00315302
"3446","5397","/home/danilo/Documentos/Doutorado/artigo_mestrado/1A.P_MOVER/simulacao/ref3446_NA_5397.txt","SCsjo1","yes","ok NAB digitado! Checado","precisa","parcelas","SC","contiguous",102,1.02,"PBH>=15.0cm",NA,"private",144.95,NA,"Atlantic_Forest","FES",NA,"primary",NA,"2012_2013",2017,1470,80,"/home/danilo/Documentos/Doutorado/artigo_mestrado/paisagens_atualizadas/ref3446_NA_5397.tif",0.0999999999999999,"laplace","2",1441.17647058824,2.63415555922654,8.67878137192637,0.390761506052654,0.00769325
"3446","5397","/home/danilo/Documentos/Doutorado/artigo_mestrado/1A.P_MOVER/simulacao/ref3446_NA_5397.txt","SCsjo1","yes","ok NAB digitado! Checado","precisa","parcelas","SC","contiguous",102,1.02,"PBH>=15.0cm",NA,"private",144.95,NA,"Atlantic_Forest","FES",NA,"primary",NA,"2012_2013",2017,1470,80,"/home/danilo/Documentos/Doutorado/artigo_mestrado/paisagens_atualizadas/ref3446_NA_5397.tif",0.0999999999999999,"laplace","2",1441.17647058824,2.63415555922654,8.67878137192637,0.390761506052654,0.00726938
"3446","5397","/home/danilo/Documentos/Doutorado/artigo_mestrado/1A.P_MOVER/simulacao/ref3446_NA_5397.txt","SCsjo1","yes","ok NAB digitado! Checado","precisa","parcelas","SC","contiguous",102,1.02,"PBH>=15.0cm",NA,"private",144.95,NA,"Atlantic_Forest","FES",NA,"primary",NA,"2012_2013",2017,1470,80,"/home/danilo/Documentos/Doutorado/artigo_mestrado/paisagens_atualizadas/ref3446_NA_5397.tif",0.0999999999999999,"laplace","2",1441.17647058824,2.63415555922654,8.67878137192637,0.390761506052654,0.00761483
"3446","5397","/home/danilo/Documentos/Doutorado/artigo_mestrado/1A.P_MOVER/simulacao/ref3446_NA_5397.txt","SCsjo1","yes","ok NAB digitado! Checado","precisa","parcelas","SC","contiguous",102,1.02,"PBH>=15.0cm",NA,"private",144.95,NA,"Atlantic_Forest","FES",NA,"primary",NA,"2012_2013",2017,1470,80,"/home/danilo/Documentos/Doutorado/artigo_mestrado/paisagens_atualizadas/ref3446_NA_5397.tif",0.0999999999999999,"laplace","2",1441.17647058824,2.63415555922654,8.67878137192637,0.390761506052654,0.00742281
"3446","5397","/home/danilo/Documentos/Doutorado/artigo_mestrado/1A.P_MOVER/simulacao/ref3446_NA_5397.txt","SCsjo1","yes","ok NAB digitado! Checado","precisa","parcelas","SC","contiguous",102,1.02,"PBH>=15.0cm",NA,"private",144.95,NA,"Atlantic_Forest","FES",NA,"primary",NA,"2012_2013",2017,1470,80,"/home/danilo/Documentos/Doutorado/artigo_mestrado/paisagens_atualizadas/ref3446_NA_5397.tif",0.0999999999999999,"laplace","2",1441.17647058824,2.63415555922654,8.67878137192637,0.390761506052654,0.00700111
"3446","5397","/home/danilo/Documentos/Doutorado/artigo_mestrado/1A.P_MOVER/simulacao/ref3446_NA_5397.txt","SCsjo1","yes","ok NAB digitado! Checado","precisa","parcelas","SC","contiguous",102,1.02,"PBH>=15.0cm",NA,"private",144.95,NA,"Atlantic_Forest","FES",NA,"primary",NA,"2012_2013",2017,1470,80,"/home/danilo/Documentos/Doutorado/artigo_mestrado/paisagens_atualizadas/ref3446_NA_5397.tif",0.0999999999999999,"laplace","2",1441.17647058824,2.63415555922654,8.67878137192637,0.390761506052654,0.00763309
"3446","5397","/home/danilo/Documentos/Doutorado/artigo_mestrado/1A.P_MOVER/simulacao/ref3446_NA_5397.txt","SCsjo1","yes","ok NAB digitado! Checado","precisa","parcelas","SC","contiguous",102,1.02,"PBH>=15.0cm",NA,"private",144.95,NA,"Atlantic_Forest","FES",NA,"primary",NA,"2012_2013",2017,1470,80,"/home/danilo/Documentos/Doutorado/artigo_mestrado/paisagens_atualizadas/ref3446_NA_5397.tif",0.0999999999999999,"laplace","2",1441.17647058824,2.63415555922654,8.67878137192637,0.390761506052654,0.0080387
"3446","5397","/home/danilo/Documentos/Doutorado/artigo_mestrado/1A.P_MOVER/simulacao/ref3446_NA_5397.txt","SCsjo1","yes","ok NAB digitado! Checado","precisa","parcelas","SC","contiguous",102,1.02,"PBH>=15.0cm",NA,"private",144.95,NA,"Atlantic_Forest","FES",NA,"primary",NA,"2012_2013",2017,1470,80,"/home/danilo/Documentos/Doutorado/artigo_mestrado/paisagens_atualizadas/ref3446_NA_5397.tif",0.0999999999999999,"laplace","2",1441.17647058824,2.63415555922654,8.67878137192637,0.390761506052654,0.00756488
"3446","5397","/home/danilo/Documentos/Doutorado/artigo_mestrado/1A.P_MOVER/simulacao/ref3446_NA_5397.txt","SCsjo1","yes","ok NAB digitado! Checado","precisa","parcelas","SC","contiguous",102,1.02,"PBH>=15.0cm",NA,"private",144.95,NA,"Atlantic_Forest","FES",NA,"primary",NA,"2012_2013",2017,1470,80,"/home/danilo/Documentos/Doutorado/artigo_mestrado/paisagens_atualizadas/ref3446_NA_5397.tif",0.0999999999999999,"laplace","2",1441.17647058824,2.63415555922654,8.67878137192637,0.390761506052654,0.00767113
"3446","5397","/home/danilo/Documentos/Doutorado/artigo_mestrado/1A.P_MOVER/simulacao/ref3446_NA_5397.txt","SCsjo1","yes","ok NAB digitado! Checado","precisa","parcelas","SC","contiguous",102,1.02,"PBH>=15.0cm",NA,"private",144.95,NA,"Atlantic_Forest","FES",NA,"primary",NA,"2012_2013",2017,1470,80,"/home/danilo/Documentos/Doutorado/artigo_mestrado/paisagens_atualizadas/ref3446_NA_5397.tif",0.0999999999999999,"laplace","2",1441.17647058824,2.63415555922654,8.67878137192637,0.390761506052654,0.00725982
"347","571","/home/danilo/Documentos/Doutorado/artigo_mestrado/1A.P_MOVER/simulacao/ref347_NA_571.txt","PRtiba1","yes","ok NAB digitado! Checado","boa","parcelas","PR","contiguous",100,1,"DBH>=5.0cm",392363,"private_in_APA",37.02,96,"Atlantic_Forest","FOM","FOM-Al","primary",NA,NA,1998,1493,127,"/home/danilo/Documentos/Doutorado/artigo_mestrado/paisagens_atualizadas/ref347_NA_571.tif",0.0999999999999999,"laplace","2",1493,2.58803470681335,8.61904157123007,0.302967744779634,0.0116853
"347","571","/home/danilo/Documentos/Doutorado/artigo_mestrado/1A.P_MOVER/simulacao/ref347_NA_571.txt","PRtiba1","yes","ok NAB digitado! Checado","boa","parcelas","PR","contiguous",100,1,"DBH>=5.0cm",392363,"private_in_APA",37.02,96,"Atlantic_Forest","FOM","FOM-Al","primary",NA,NA,1998,1493,127,"/home/danilo/Documentos/Doutorado/artigo_mestrado/paisagens_atualizadas/ref347_NA_571.tif",0.0999999999999999,"laplace","2",1493,2.58803470681335,8.61904157123007,0.302967744779634,0.0113318
"347","571","/home/danilo/Documentos/Doutorado/artigo_mestrado/1A.P_MOVER/simulacao/ref347_NA_571.txt","PRtiba1","yes","ok NAB digitado! Checado","boa","parcelas","PR","contiguous",100,1,"DBH>=5.0cm",392363,"private_in_APA",37.02,96,"Atlantic_Forest","FOM","FOM-Al","primary",NA,NA,1998,1493,127,"/home/danilo/Documentos/Doutorado/artigo_mestrado/paisagens_atualizadas/ref347_NA_571.tif",0.0999999999999999,"laplace","2",1493,2.58803470681335,8.61904157123007,0.302967744779634,0.0113318
"347","571","/home/danilo/Documentos/Doutorado/artigo_mestrado/1A.P_MOVER/simulacao/ref347_NA_571.txt","PRtiba1","yes","ok NAB digitado! Checado","boa","parcelas","PR","contiguous",100,1,"DBH>=5.0cm",392363,"private_in_APA",37.02,96,"Atlantic_Forest","FOM","FOM-Al","primary",NA,NA,1998,1493,127,"/home/danilo/Documentos/Doutorado/artigo_mestrado/paisagens_atualizadas/ref347_NA_571.tif",0.0999999999999999,"laplace","2",1493,2.58803470681335,8.61904157123007,0.302967744779634,0.0117573
"347","571","/home/danilo/Documentos/Doutorado/artigo_mestrado/1A.P_MOVER/simulacao/ref347_NA_571.txt","PRtiba1","yes","ok NAB digitado! Checado","boa","parcelas","PR","contiguous",100,1,"DBH>=5.0cm",392363,"private_in_APA",37.02,96,"Atlantic_Forest","FOM","FOM-Al","primary",NA,NA,1998,1493,127,"/home/danilo/Documentos/Doutorado/artigo_mestrado/paisagens_atualizadas/ref347_NA_571.tif",0.0999999999999999,"laplace","2",1493,2.58803470681335,8.61904157123007,0.302967744779634,0.0113994
"347","571","/home/danilo/Documentos/Doutorado/artigo_mestrado/1A.P_MOVER/simulacao/ref347_NA_571.txt","PRtiba1","yes","ok NAB digitado! Checado","boa","parcelas","PR","contiguous",100,1,"DBH>=5.0cm",392363,"private_in_APA",37.02,96,"Atlantic_Forest","FOM","FOM-Al","primary",NA,NA,1998,1493,127,"/home/danilo/Documentos/Doutorado/artigo_mestrado/paisagens_atualizadas/ref347_NA_571.tif",0.0999999999999999,"laplace","2",1493,2.58803470681335,8.61904157123007,0.302967744779634,0.0115774
"347","571","/home/danilo/Documentos/Doutorado/artigo_mestrado/1A.P_MOVER/simulacao/ref347_NA_571.txt","PRtiba1","yes","ok NAB digitado! Checado","boa","parcelas","PR","contiguous",100,1,"DBH>=5.0cm",392363,"private_in_APA",37.02,96,"Atlantic_Forest","FOM","FOM-Al","primary",NA,NA,1998,1493,127,"/home/danilo/Documentos/Doutorado/artigo_mestrado/paisagens_atualizadas/ref347_NA_571.tif",0.0999999999999999,"laplace","2",1493,2.58803470681335,8.61904157123007,0.302967744779634,0.012348
"347","571","/home/danilo/Documentos/Doutorado/artigo_mestrado/1A.P_MOVER/simulacao/ref347_NA_571.txt","PRtiba1","yes","ok NAB digitado! Checado","boa","parcelas","PR","contiguous",100,1,"DBH>=5.0cm",392363,"private_in_APA",37.02,96,"Atlantic_Forest","FOM","FOM-Al","primary",NA,NA,1998,1493,127,"/home/danilo/Documentos/Doutorado/artigo_mestrado/paisagens_atualizadas/ref347_NA_571.tif",0.0999999999999999,"laplace","2",1493,2.58803470681335,8.61904157123007,0.302967744779634,0.0117023
"347","571","/home/danilo/Documentos/Doutorado/artigo_mestrado/1A.P_MOVER/simulacao/ref347_NA_571.txt","PRtiba1","yes","ok NAB digitado! Checado","boa","parcelas","PR","contiguous",100,1,"DBH>=5.0cm",392363,"private_in_APA",37.02,96,"Atlantic_Forest","FOM","FOM-Al","primary",NA,NA,1998,1493,127,"/home/danilo/Documentos/Doutorado/artigo_mestrado/paisagens_atualizadas/ref347_NA_571.tif",0.0999999999999999,"laplace","2",1493,2.58803470681335,8.61904157123007,0.302967744779634,0.0120433
"347","571","/home/danilo/Documentos/Doutorado/artigo_mestrado/1A.P_MOVER/simulacao/ref347_NA_571.txt","PRtiba1","yes","ok NAB digitado! Checado","boa","parcelas","PR","contiguous",100,1,"DBH>=5.0cm",392363,"private_in_APA",37.02,96,"Atlantic_Forest","FOM","FOM-Al","primary",NA,NA,1998,1493,127,"/home/danilo/Documentos/Doutorado/artigo_mestrado/paisagens_atualizadas/ref347_NA_571.tif",0.0999999999999999,"laplace","2",1493,2.58803470681335,8.61904157123007,0.302967744779634,0.0118697
"348","572","/home/danilo/Documentos/Doutorado/artigo_mestrado/1A.P_MOVER/simulacao/ref348_NA_572.txt","PRsapo","yes","ok NAB digitado! Checado","boa","parcelas","PR","contiguous",100,1,"DBH>=5.0cm",NA,"private",1063.38,NA,"Atlantic_Forest","FES","FES-Al","primary",NA,NA,1995,1482,124,"/home/danilo/Documentos/Doutorado/artigo_mestrado/paisagens_atualizadas/ref348_NA_572.tif",0.0999999999999999,"laplace","2",1482,2.59762166733066,8.6139662539087,0.330093125137033,0.0164718
"348","572","/home/danilo/Documentos/Doutorado/artigo_mestrado/1A.P_MOVER/simulacao/ref348_NA_572.txt","PRsapo","yes","ok NAB digitado! Checado","boa","parcelas","PR","contiguous",100,1,"DBH>=5.0cm",NA,"private",1063.38,NA,"Atlantic_Forest","FES","FES-Al","primary",NA,NA,1995,1482,124,"/home/danilo/Documentos/Doutorado/artigo_mestrado/paisagens_atualizadas/ref348_NA_572.tif",0.0999999999999999,"laplace","2",1482,2.59762166733066,8.6139662539087,0.330093125137033,0.0159129
"348","572","/home/danilo/Documentos/Doutorado/artigo_mestrado/1A.P_MOVER/simulacao/ref348_NA_572.txt","PRsapo","yes","ok NAB digitado! Checado","boa","parcelas","PR","contiguous",100,1,"DBH>=5.0cm",NA,"private",1063.38,NA,"Atlantic_Forest","FES","FES-Al","primary",NA,NA,1995,1482,124,"/home/danilo/Documentos/Doutorado/artigo_mestrado/paisagens_atualizadas/ref348_NA_572.tif",0.0999999999999999,"laplace","2",1482,2.59762166733066,8.6139662539087,0.330093125137033,0.0160679
"348","572","/home/danilo/Documentos/Doutorado/artigo_mestrado/1A.P_MOVER/simulacao/ref348_NA_572.txt","PRsapo","yes","ok NAB digitado! Checado","boa","parcelas","PR","contiguous",100,1,"DBH>=5.0cm",NA,"private",1063.38,NA,"Atlantic_Forest","FES","FES-Al","primary",NA,NA,1995,1482,124,"/home/danilo/Documentos/Doutorado/artigo_mestrado/paisagens_atualizadas/ref348_NA_572.tif",0.0999999999999999,"laplace","2",1482,2.59762166733066,8.6139662539087,0.330093125137033,0.0158864
"348","572","/home/danilo/Documentos/Doutorado/artigo_mestrado/1A.P_MOVER/simulacao/ref348_NA_572.txt","PRsapo","yes","ok NAB digitado! Checado","boa","parcelas","PR","contiguous",100,1,"DBH>=5.0cm",NA,"private",1063.38,NA,"Atlantic_Forest","FES","FES-Al","primary",NA,NA,1995,1482,124,"/home/danilo/Documentos/Doutorado/artigo_mestrado/paisagens_atualizadas/ref348_NA_572.tif",0.0999999999999999,"laplace","2",1482,2.59762166733066,8.6139662539087,0.330093125137033,0.0158787
"348","572","/home/danilo/Documentos/Doutorado/artigo_mestrado/1A.P_MOVER/simulacao/ref348_NA_572.txt","PRsapo","yes","ok NAB digitado! Checado","boa","parcelas","PR","contiguous",100,1,"DBH>=5.0cm",NA,"private",1063.38,NA,"Atlantic_Forest","FES","FES-Al","primary",NA,NA,1995,1482,124,"/home/danilo/Documentos/Doutorado/artigo_mestrado/paisagens_atualizadas/ref348_NA_572.tif",0.0999999999999999,"laplace","2",1482,2.59762166733066,8.6139662539087,0.330093125137033,0.0163506
"348","572","/home/danilo/Documentos/Doutorado/artigo_mestrado/1A.P_MOVER/simulacao/ref348_NA_572.txt","PRsapo","yes","ok NAB digitado! Checado","boa","parcelas","PR","contiguous",100,1,"DBH>=5.0cm",NA,"private",1063.38,NA,"Atlantic_Forest","FES","FES-Al","primary",NA,NA,1995,1482,124,"/home/danilo/Documentos/Doutorado/artigo_mestrado/paisagens_atualizadas/ref348_NA_572.tif",0.0999999999999999,"laplace","2",1482,2.59762166733066,8.6139662539087,0.330093125137033,0.0164952
"348","572","/home/danilo/Documentos/Doutorado/artigo_mestrado/1A.P_MOVER/simulacao/ref348_NA_572.txt","PRsapo","yes","ok NAB digitado! Checado","boa","parcelas","PR","contiguous",100,1,"DBH>=5.0cm",NA,"private",1063.38,NA,"Atlantic_Forest","FES","FES-Al","primary",NA,NA,1995,1482,124,"/home/danilo/Documentos/Doutorado/artigo_mestrado/paisagens_atualizadas/ref348_NA_572.tif",0.0999999999999999,"laplace","2",1482,2.59762166733066,8.6139662539087,0.330093125137033,0.0159195
"348","572","/home/danilo/Documentos/Doutorado/artigo_mestrado/1A.P_MOVER/simulacao/ref348_NA_572.txt","PRsapo","yes","ok NAB digitado! Checado","boa","parcelas","PR","contiguous",100,1,"DBH>=5.0cm",NA,"private",1063.38,NA,"Atlantic_Forest","FES","FES-Al","primary",NA,NA,1995,1482,124,"/home/danilo/Documentos/Doutorado/artigo_mestrado/paisagens_atualizadas/ref348_NA_572.tif",0.0999999999999999,"laplace","2",1482,2.59762166733066,8.6139662539087,0.330093125137033,0.0162434
"348","572","/home/danilo/Documentos/Doutorado/artigo_mestrado/1A.P_MOVER/simulacao/ref348_NA_572.txt","PRsapo","yes","ok NAB digitado! Checado","boa","parcelas","PR","contiguous",100,1,"DBH>=5.0cm",NA,"private",1063.38,NA,"Atlantic_Forest","FES","FES-Al","primary",NA,NA,1995,1482,124,"/home/danilo/Documentos/Doutorado/artigo_mestrado/paisagens_atualizadas/ref348_NA_572.tif",0.0999999999999999,"laplace","2",1482,2.59762166733066,8.6139662539087,0.330093125137033,0.0175092
"350","574","/home/danilo/Documentos/Doutorado/artigo_mestrado/1A.P_MOVER/simulacao/ref350_NA_574.txt","PRdiam4","yes? (Email)","ok NAB digitado! Checado","exata","parcelas","PR","contiguous/systematic",40,1.2,"PBH>=15.0cm",1449.48,"UC Protecao Integral",1427.3,1427.3,"Atlantic_Forest","FES","FES-Al","primary/secondary",NA,"2006",2006,1487,73,"/home/danilo/Documentos/Doutorado/artigo_mestrado/paisagens_atualizadas/ref350_NA_574.tif",0.0999999999999999,"laplace","2",1239.16666666667,2.84076388942375,9.27998194700197,0.0966482633179594,0.00422087
"350","574","/home/danilo/Documentos/Doutorado/artigo_mestrado/1A.P_MOVER/simulacao/ref350_NA_574.txt","PRdiam4","yes? (Email)","ok NAB digitado! Checado","exata","parcelas","PR","contiguous/systematic",40,1.2,"PBH>=15.0cm",1449.48,"UC Protecao Integral",1427.3,1427.3,"Atlantic_Forest","FES","FES-Al","primary/secondary",NA,"2006",2006,1487,73,"/home/danilo/Documentos/Doutorado/artigo_mestrado/paisagens_atualizadas/ref350_NA_574.tif",0.0999999999999999,"laplace","2",1239.16666666667,2.84076388942375,9.27998194700197,0.0966482633179594,0.00427077
"350","574","/home/danilo/Documentos/Doutorado/artigo_mestrado/1A.P_MOVER/simulacao/ref350_NA_574.txt","PRdiam4","yes? (Email)","ok NAB digitado! Checado","exata","parcelas","PR","contiguous/systematic",40,1.2,"PBH>=15.0cm",1449.48,"UC Protecao Integral",1427.3,1427.3,"Atlantic_Forest","FES","FES-Al","primary/secondary",NA,"2006",2006,1487,73,"/home/danilo/Documentos/Doutorado/artigo_mestrado/paisagens_atualizadas/ref350_NA_574.tif",0.0999999999999999,"laplace","2",1239.16666666667,2.84076388942375,9.27998194700197,0.0966482633179594,0.00429981
"350","574","/home/danilo/Documentos/Doutorado/artigo_mestrado/1A.P_MOVER/simulacao/ref350_NA_574.txt","PRdiam4","yes? (Email)","ok NAB digitado! Checado","exata","parcelas","PR","contiguous/systematic",40,1.2,"PBH>=15.0cm",1449.48,"UC Protecao Integral",1427.3,1427.3,"Atlantic_Forest","FES","FES-Al","primary/secondary",NA,"2006",2006,1487,73,"/home/danilo/Documentos/Doutorado/artigo_mestrado/paisagens_atualizadas/ref350_NA_574.tif",0.0999999999999999,"laplace","2",1239.16666666667,2.84076388942375,9.27998194700197,0.0966482633179594,0.00442737
"350","574","/home/danilo/Documentos/Doutorado/artigo_mestrado/1A.P_MOVER/simulacao/ref350_NA_574.txt","PRdiam4","yes? (Email)","ok NAB digitado! Checado","exata","parcelas","PR","contiguous/systematic",40,1.2,"PBH>=15.0cm",1449.48,"UC Protecao Integral",1427.3,1427.3,"Atlantic_Forest","FES","FES-Al","primary/secondary",NA,"2006",2006,1487,73,"/home/danilo/Documentos/Doutorado/artigo_mestrado/paisagens_atualizadas/ref350_NA_574.tif",0.0999999999999999,"laplace","2",1239.16666666667,2.84076388942375,9.27998194700197,0.0966482633179594,0.00445009
"350","574","/home/danilo/Documentos/Doutorado/artigo_mestrado/1A.P_MOVER/simulacao/ref350_NA_574.txt","PRdiam4","yes? (Email)","ok NAB digitado! Checado","exata","parcelas","PR","contiguous/systematic",40,1.2,"PBH>=15.0cm",1449.48,"UC Protecao Integral",1427.3,1427.3,"Atlantic_Forest","FES","FES-Al","primary/secondary",NA,"2006",2006,1487,73,"/home/danilo/Documentos/Doutorado/artigo_mestrado/paisagens_atualizadas/ref350_NA_574.tif",0.0999999999999999,"laplace","2",1239.16666666667,2.84076388942375,9.27998194700197,0.0966482633179594,0.0045292
"350","574","/home/danilo/Documentos/Doutorado/artigo_mestrado/1A.P_MOVER/simulacao/ref350_NA_574.txt","PRdiam4","yes? (Email)","ok NAB digitado! Checado","exata","parcelas","PR","contiguous/systematic",40,1.2,"PBH>=15.0cm",1449.48,"UC Protecao Integral",1427.3,1427.3,"Atlantic_Forest","FES","FES-Al","primary/secondary",NA,"2006",2006,1487,73,"/home/danilo/Documentos/Doutorado/artigo_mestrado/paisagens_atualizadas/ref350_NA_574.tif",0.0999999999999999,"laplace","2",1239.16666666667,2.84076388942375,9.27998194700197,0.0966482633179594,0.00442252
"350","574","/home/danilo/Documentos/Doutorado/artigo_mestrado/1A.P_MOVER/simulacao/ref350_NA_574.txt","PRdiam4","yes? (Email)","ok NAB digitado! Checado","exata","parcelas","PR","contiguous/systematic",40,1.2,"PBH>=15.0cm",1449.48,"UC Protecao Integral",1427.3,1427.3,"Atlantic_Forest","FES","FES-Al","primary/secondary",NA,"2006",2006,1487,73,"/home/danilo/Documentos/Doutorado/artigo_mestrado/paisagens_atualizadas/ref350_NA_574.tif",0.0999999999999999,"laplace","2",1239.16666666667,2.84076388942375,9.27998194700197,0.0966482633179594,0.00422298
"350","574","/home/danilo/Documentos/Doutorado/artigo_mestrado/1A.P_MOVER/simulacao/ref350_NA_574.txt","PRdiam4","yes? (Email)","ok NAB digitado! Checado","exata","parcelas","PR","contiguous/systematic",40,1.2,"PBH>=15.0cm",1449.48,"UC Protecao Integral",1427.3,1427.3,"Atlantic_Forest","FES","FES-Al","primary/secondary",NA,"2006",2006,1487,73,"/home/danilo/Documentos/Doutorado/artigo_mestrado/paisagens_atualizadas/ref350_NA_574.tif",0.0999999999999999,"laplace","2",1239.16666666667,2.84076388942375,9.27998194700197,0.0966482633179594,0.00422421
"350","574","/home/danilo/Documentos/Doutorado/artigo_mestrado/1A.P_MOVER/simulacao/ref350_NA_574.txt","PRdiam4","yes? (Email)","ok NAB digitado! Checado","exata","parcelas","PR","contiguous/systematic",40,1.2,"PBH>=15.0cm",1449.48,"UC Protecao Integral",1427.3,1427.3,"Atlantic_Forest","FES","FES-Al","primary/secondary",NA,"2006",2006,1487,73,"/home/danilo/Documentos/Doutorado/artigo_mestrado/paisagens_atualizadas/ref350_NA_574.tif",0.0999999999999999,"laplace","2",1239.16666666667,2.84076388942375,9.27998194700197,0.0966482633179594,0.00452121
"355","580","/home/danilo/Documentos/Doutorado/artigo_mestrado/1A.P_MOVER/simulacao/ref355_NA_580.txt","PRtele","yes","ok NAB digitado! Checado","boa","parcelas","PR","contiguous",100,1,"DBH>=5.0cm",NA,"private",247.61,NA,"Atlantic_Forest","FES","FES-Al","secondary",NA,NA,1996,1041,108,"/home/danilo/Documentos/Doutorado/artigo_mestrado/paisagens_atualizadas/ref355_NA_580.tif",0.0999999999999999,"laplace","2",1041,3.09937863686872,10.4346866940555,0.826338477009963,0.0110056
"355","580","/home/danilo/Documentos/Doutorado/artigo_mestrado/1A.P_MOVER/simulacao/ref355_NA_580.txt","PRtele","yes","ok NAB digitado! Checado","boa","parcelas","PR","contiguous",100,1,"DBH>=5.0cm",NA,"private",247.61,NA,"Atlantic_Forest","FES","FES-Al","secondary",NA,NA,1996,1041,108,"/home/danilo/Documentos/Doutorado/artigo_mestrado/paisagens_atualizadas/ref355_NA_580.tif",0.0999999999999999,"laplace","2",1041,3.09937863686872,10.4346866940555,0.826338477009963,0.0108601
"355","580","/home/danilo/Documentos/Doutorado/artigo_mestrado/1A.P_MOVER/simulacao/ref355_NA_580.txt","PRtele","yes","ok NAB digitado! Checado","boa","parcelas","PR","contiguous",100,1,"DBH>=5.0cm",NA,"private",247.61,NA,"Atlantic_Forest","FES","FES-Al","secondary",NA,NA,1996,1041,108,"/home/danilo/Documentos/Doutorado/artigo_mestrado/paisagens_atualizadas/ref355_NA_580.tif",0.0999999999999999,"laplace","2",1041,3.09937863686872,10.4346866940555,0.826338477009963,0.0108976
"355","580","/home/danilo/Documentos/Doutorado/artigo_mestrado/1A.P_MOVER/simulacao/ref355_NA_580.txt","PRtele","yes","ok NAB digitado! Checado","boa","parcelas","PR","contiguous",100,1,"DBH>=5.0cm",NA,"private",247.61,NA,"Atlantic_Forest","FES","FES-Al","secondary",NA,NA,1996,1041,108,"/home/danilo/Documentos/Doutorado/artigo_mestrado/paisagens_atualizadas/ref355_NA_580.tif",0.0999999999999999,"laplace","2",1041,3.09937863686872,10.4346866940555,0.826338477009963,0.0111242
"355","580","/home/danilo/Documentos/Doutorado/artigo_mestrado/1A.P_MOVER/simulacao/ref355_NA_580.txt","PRtele","yes","ok NAB digitado! Checado","boa","parcelas","PR","contiguous",100,1,"DBH>=5.0cm",NA,"private",247.61,NA,"Atlantic_Forest","FES","FES-Al","secondary",NA,NA,1996,1041,108,"/home/danilo/Documentos/Doutorado/artigo_mestrado/paisagens_atualizadas/ref355_NA_580.tif",0.0999999999999999,"laplace","2",1041,3.09937863686872,10.4346866940555,0.826338477009963,0.0109683
"355","580","/home/danilo/Documentos/Doutorado/artigo_mestrado/1A.P_MOVER/simulacao/ref355_NA_580.txt","PRtele","yes","ok NAB digitado! Checado","boa","parcelas","PR","contiguous",100,1,"DBH>=5.0cm",NA,"private",247.61,NA,"Atlantic_Forest","FES","FES-Al","secondary",NA,NA,1996,1041,108,"/home/danilo/Documentos/Doutorado/artigo_mestrado/paisagens_atualizadas/ref355_NA_580.tif",0.0999999999999999,"laplace","2",1041,3.09937863686872,10.4346866940555,0.826338477009963,0.0116633
"355","580","/home/danilo/Documentos/Doutorado/artigo_mestrado/1A.P_MOVER/simulacao/ref355_NA_580.txt","PRtele","yes","ok NAB digitado! Checado","boa","parcelas","PR","contiguous",100,1,"DBH>=5.0cm",NA,"private",247.61,NA,"Atlantic_Forest","FES","FES-Al","secondary",NA,NA,1996,1041,108,"/home/danilo/Documentos/Doutorado/artigo_mestrado/paisagens_atualizadas/ref355_NA_580.tif",0.0999999999999999,"laplace","2",1041,3.09937863686872,10.4346866940555,0.826338477009963,0.011002
"355","580","/home/danilo/Documentos/Doutorado/artigo_mestrado/1A.P_MOVER/simulacao/ref355_NA_580.txt","PRtele","yes","ok NAB digitado! Checado","boa","parcelas","PR","contiguous",100,1,"DBH>=5.0cm",NA,"private",247.61,NA,"Atlantic_Forest","FES","FES-Al","secondary",NA,NA,1996,1041,108,"/home/danilo/Documentos/Doutorado/artigo_mestrado/paisagens_atualizadas/ref355_NA_580.tif",0.0999999999999999,"laplace","2",1041,3.09937863686872,10.4346866940555,0.826338477009963,0.0108976
"355","580","/home/danilo/Documentos/Doutorado/artigo_mestrado/1A.P_MOVER/simulacao/ref355_NA_580.txt","PRtele","yes","ok NAB digitado! Checado","boa","parcelas","PR","contiguous",100,1,"DBH>=5.0cm",NA,"private",247.61,NA,"Atlantic_Forest","FES","FES-Al","secondary",NA,NA,1996,1041,108,"/home/danilo/Documentos/Doutorado/artigo_mestrado/paisagens_atualizadas/ref355_NA_580.tif",0.0999999999999999,"laplace","2",1041,3.09937863686872,10.4346866940555,0.826338477009963,0.0111354
"355","580","/home/danilo/Documentos/Doutorado/artigo_mestrado/1A.P_MOVER/simulacao/ref355_NA_580.txt","PRtele","yes","ok NAB digitado! Checado","boa","parcelas","PR","contiguous",100,1,"DBH>=5.0cm",NA,"private",247.61,NA,"Atlantic_Forest","FES","FES-Al","secondary",NA,NA,1996,1041,108,"/home/danilo/Documentos/Doutorado/artigo_mestrado/paisagens_atualizadas/ref355_NA_580.tif",0.0999999999999999,"laplace","2",1041,3.09937863686872,10.4346866940555,0.826338477009963,0.0113702
"3831","5981","/home/danilo/Documentos/Doutorado/artigo_mestrado/1A.P_MOVER/simulacao/ref3831_NA_5981.txt","SCserra4","yes","ok NAB digitado! Checado","precisa","parcelas","SC","contiguous/systematic",50,1,"PBH>=15.7cm",NA,"private",250,250,"Atlantic_Forest","FOM","FOMAm","primary/secondary",NA,NA,2016,1457,56,"/home/danilo/Documentos/Doutorado/artigo_mestrado/paisagens_atualizadas/ref3831_NA_5981.tif",0.0999999999999999,"laplace","2",1457,2.61981258531123,8.70653521562839,0.471622465196391,0.00256616
"3831","5981","/home/danilo/Documentos/Doutorado/artigo_mestrado/1A.P_MOVER/simulacao/ref3831_NA_5981.txt","SCserra4","yes","ok NAB digitado! Checado","precisa","parcelas","SC","contiguous/systematic",50,1,"PBH>=15.7cm",NA,"private",250,250,"Atlantic_Forest","FOM","FOMAm","primary/secondary",NA,NA,2016,1457,56,"/home/danilo/Documentos/Doutorado/artigo_mestrado/paisagens_atualizadas/ref3831_NA_5981.tif",0.0999999999999999,"laplace","2",1457,2.61981258531123,8.70653521562839,0.471622465196391,0.00248246
"3831","5981","/home/danilo/Documentos/Doutorado/artigo_mestrado/1A.P_MOVER/simulacao/ref3831_NA_5981.txt","SCserra4","yes","ok NAB digitado! Checado","precisa","parcelas","SC","contiguous/systematic",50,1,"PBH>=15.7cm",NA,"private",250,250,"Atlantic_Forest","FOM","FOMAm","primary/secondary",NA,NA,2016,1457,56,"/home/danilo/Documentos/Doutorado/artigo_mestrado/paisagens_atualizadas/ref3831_NA_5981.tif",0.0999999999999999,"laplace","2",1457,2.61981258531123,8.70653521562839,0.471622465196391,0.00279473
"3831","5981","/home/danilo/Documentos/Doutorado/artigo_mestrado/1A.P_MOVER/simulacao/ref3831_NA_5981.txt","SCserra4","yes","ok NAB digitado! Checado","precisa","parcelas","SC","contiguous/systematic",50,1,"PBH>=15.7cm",NA,"private",250,250,"Atlantic_Forest","FOM","FOMAm","primary/secondary",NA,NA,2016,1457,56,"/home/danilo/Documentos/Doutorado/artigo_mestrado/paisagens_atualizadas/ref3831_NA_5981.tif",0.0999999999999999,"laplace","2",1457,2.61981258531123,8.70653521562839,0.471622465196391,0.00242243
"3831","5981","/home/danilo/Documentos/Doutorado/artigo_mestrado/1A.P_MOVER/simulacao/ref3831_NA_5981.txt","SCserra4","yes","ok NAB digitado! Checado","precisa","parcelas","SC","contiguous/systematic",50,1,"PBH>=15.7cm",NA,"private",250,250,"Atlantic_Forest","FOM","FOMAm","primary/secondary",NA,NA,2016,1457,56,"/home/danilo/Documentos/Doutorado/artigo_mestrado/paisagens_atualizadas/ref3831_NA_5981.tif",0.0999999999999999,"laplace","2",1457,2.61981258531123,8.70653521562839,0.471622465196391,0.00259699
"3831","5981","/home/danilo/Documentos/Doutorado/artigo_mestrado/1A.P_MOVER/simulacao/ref3831_NA_5981.txt","SCserra4","yes","ok NAB digitado! Checado","precisa","parcelas","SC","contiguous/systematic",50,1,"PBH>=15.7cm",NA,"private",250,250,"Atlantic_Forest","FOM","FOMAm","primary/secondary",NA,NA,2016,1457,56,"/home/danilo/Documentos/Doutorado/artigo_mestrado/paisagens_atualizadas/ref3831_NA_5981.tif",0.0999999999999999,"laplace","2",1457,2.61981258531123,8.70653521562839,0.471622465196391,0.00257049
"3831","5981","/home/danilo/Documentos/Doutorado/artigo_mestrado/1A.P_MOVER/simulacao/ref3831_NA_5981.txt","SCserra4","yes","ok NAB digitado! Checado","precisa","parcelas","SC","contiguous/systematic",50,1,"PBH>=15.7cm",NA,"private",250,250,"Atlantic_Forest","FOM","FOMAm","primary/secondary",NA,NA,2016,1457,56,"/home/danilo/Documentos/Doutorado/artigo_mestrado/paisagens_atualizadas/ref3831_NA_5981.tif",0.0999999999999999,"laplace","2",1457,2.61981258531123,8.70653521562839,0.471622465196391,0.00250749
"3831","5981","/home/danilo/Documentos/Doutorado/artigo_mestrado/1A.P_MOVER/simulacao/ref3831_NA_5981.txt","SCserra4","yes","ok NAB digitado! Checado","precisa","parcelas","SC","contiguous/systematic",50,1,"PBH>=15.7cm",NA,"private",250,250,"Atlantic_Forest","FOM","FOMAm","primary/secondary",NA,NA,2016,1457,56,"/home/danilo/Documentos/Doutorado/artigo_mestrado/paisagens_atualizadas/ref3831_NA_5981.tif",0.0999999999999999,"laplace","2",1457,2.61981258531123,8.70653521562839,0.471622465196391,0.00269594
"3831","5981","/home/danilo/Documentos/Doutorado/artigo_mestrado/1A.P_MOVER/simulacao/ref3831_NA_5981.txt","SCserra4","yes","ok NAB digitado! Checado","precisa","parcelas","SC","contiguous/systematic",50,1,"PBH>=15.7cm",NA,"private",250,250,"Atlantic_Forest","FOM","FOMAm","primary/secondary",NA,NA,2016,1457,56,"/home/danilo/Documentos/Doutorado/artigo_mestrado/paisagens_atualizadas/ref3831_NA_5981.tif",0.0999999999999999,"laplace","2",1457,2.61981258531123,8.70653521562839,0.471622465196391,0.00261883
"3831","5981","/home/danilo/Documentos/Doutorado/artigo_mestrado/1A.P_MOVER/simulacao/ref3831_NA_5981.txt","SCserra4","yes","ok NAB digitado! Checado","precisa","parcelas","SC","contiguous/systematic",50,1,"PBH>=15.7cm",NA,"private",250,250,"Atlantic_Forest","FOM","FOMAm","primary/secondary",NA,NA,2016,1457,56,"/home/danilo/Documentos/Doutorado/artigo_mestrado/paisagens_atualizadas/ref3831_NA_5981.tif",0.0999999999999999,"laplace","2",1457,2.61981258531123,8.70653521562839,0.471622465196391,0.00259699
"3839","5999","/home/danilo/Documentos/Doutorado/artigo_mestrado/1A.P_MOVER/simulacao/ref3839_NA_5999.txt","SPpesmU","yes","ok NAB digitado! Checado","exata","parcelas","SP","contiguous",4,1,"PBH>=15.0cm",315390,"UC Protecao Integral",83400,NA,"Atlantic_Forest","FOD","FODM/FODAm","primary",NA,"2014",2016,2182,132,"/home/danilo/Documentos/Doutorado/artigo_mestrado/paisagens_atualizadas/ref3839_NA_5999.tif",0.0999999999999999,"laplace","2",2182,2.14078289901497,7.10938222065988,0.735954314933021,0.00260208
"3839","5999","/home/danilo/Documentos/Doutorado/artigo_mestrado/1A.P_MOVER/simulacao/ref3839_NA_5999.txt","SPpesmU","yes","ok NAB digitado! Checado","exata","parcelas","SP","contiguous",4,1,"PBH>=15.0cm",315390,"UC Protecao Integral",83400,NA,"Atlantic_Forest","FOD","FODM/FODAm","primary",NA,"2014",2016,2182,132,"/home/danilo/Documentos/Doutorado/artigo_mestrado/paisagens_atualizadas/ref3839_NA_5999.tif",0.0999999999999999,"laplace","2",2182,2.14078289901497,7.10938222065988,0.735954314933021,0.00242741
"3839","5999","/home/danilo/Documentos/Doutorado/artigo_mestrado/1A.P_MOVER/simulacao/ref3839_NA_5999.txt","SPpesmU","yes","ok NAB digitado! Checado","exata","parcelas","SP","contiguous",4,1,"PBH>=15.0cm",315390,"UC Protecao Integral",83400,NA,"Atlantic_Forest","FOD","FODM/FODAm","primary",NA,"2014",2016,2182,132,"/home/danilo/Documentos/Doutorado/artigo_mestrado/paisagens_atualizadas/ref3839_NA_5999.tif",0.0999999999999999,"laplace","2",2182,2.14078289901497,7.10938222065988,0.735954314933021,0.00252936
"3839","5999","/home/danilo/Documentos/Doutorado/artigo_mestrado/1A.P_MOVER/simulacao/ref3839_NA_5999.txt","SPpesmU","yes","ok NAB digitado! Checado","exata","parcelas","SP","contiguous",4,1,"PBH>=15.0cm",315390,"UC Protecao Integral",83400,NA,"Atlantic_Forest","FOD","FODM/FODAm","primary",NA,"2014",2016,2182,132,"/home/danilo/Documentos/Doutorado/artigo_mestrado/paisagens_atualizadas/ref3839_NA_5999.tif",0.0999999999999999,"laplace","2",2182,2.14078289901497,7.10938222065988,0.735954314933021,0.00223556
"3839","5999","/home/danilo/Documentos/Doutorado/artigo_mestrado/1A.P_MOVER/simulacao/ref3839_NA_5999.txt","SPpesmU","yes","ok NAB digitado! Checado","exata","parcelas","SP","contiguous",4,1,"PBH>=15.0cm",315390,"UC Protecao Integral",83400,NA,"Atlantic_Forest","FOD","FODM/FODAm","primary",NA,"2014",2016,2182,132,"/home/danilo/Documentos/Doutorado/artigo_mestrado/paisagens_atualizadas/ref3839_NA_5999.tif",0.0999999999999999,"laplace","2",2182,2.14078289901497,7.10938222065988,0.735954314933021,0.00233678
"3839","5999","/home/danilo/Documentos/Doutorado/artigo_mestrado/1A.P_MOVER/simulacao/ref3839_NA_5999.txt","SPpesmU","yes","ok NAB digitado! Checado","exata","parcelas","SP","contiguous",4,1,"PBH>=15.0cm",315390,"UC Protecao Integral",83400,NA,"Atlantic_Forest","FOD","FODM/FODAm","primary",NA,"2014",2016,2182,132,"/home/danilo/Documentos/Doutorado/artigo_mestrado/paisagens_atualizadas/ref3839_NA_5999.tif",0.0999999999999999,"laplace","2",2182,2.14078289901497,7.10938222065988,0.735954314933021,0.00262005
"3839","5999","/home/danilo/Documentos/Doutorado/artigo_mestrado/1A.P_MOVER/simulacao/ref3839_NA_5999.txt","SPpesmU","yes","ok NAB digitado! Checado","exata","parcelas","SP","contiguous",4,1,"PBH>=15.0cm",315390,"UC Protecao Integral",83400,NA,"Atlantic_Forest","FOD","FODM/FODAm","primary",NA,"2014",2016,2182,132,"/home/danilo/Documentos/Doutorado/artigo_mestrado/paisagens_atualizadas/ref3839_NA_5999.tif",0.0999999999999999,"laplace","2",2182,2.14078289901497,7.10938222065988,0.735954314933021,0.00241858
"3839","5999","/home/danilo/Documentos/Doutorado/artigo_mestrado/1A.P_MOVER/simulacao/ref3839_NA_5999.txt","SPpesmU","yes","ok NAB digitado! Checado","exata","parcelas","SP","contiguous",4,1,"PBH>=15.0cm",315390,"UC Protecao Integral",83400,NA,"Atlantic_Forest","FOD","FODM/FODAm","primary",NA,"2014",2016,2182,132,"/home/danilo/Documentos/Doutorado/artigo_mestrado/paisagens_atualizadas/ref3839_NA_5999.tif",0.0999999999999999,"laplace","2",2182,2.14078289901497,7.10938222065988,0.735954314933021,0.00236951
"3839","5999","/home/danilo/Documentos/Doutorado/artigo_mestrado/1A.P_MOVER/simulacao/ref3839_NA_5999.txt","SPpesmU","yes","ok NAB digitado! Checado","exata","parcelas","SP","contiguous",4,1,"PBH>=15.0cm",315390,"UC Protecao Integral",83400,NA,"Atlantic_Forest","FOD","FODM/FODAm","primary",NA,"2014",2016,2182,132,"/home/danilo/Documentos/Doutorado/artigo_mestrado/paisagens_atualizadas/ref3839_NA_5999.tif",0.0999999999999999,"laplace","2",2182,2.14078289901497,7.10938222065988,0.735954314933021,0.00242741
"3839","5999","/home/danilo/Documentos/Doutorado/artigo_mestrado/1A.P_MOVER/simulacao/ref3839_NA_5999.txt","SPpesmU","yes","ok NAB digitado! Checado","exata","parcelas","SP","contiguous",4,1,"PBH>=15.0cm",315390,"UC Protecao Integral",83400,NA,"Atlantic_Forest","FOD","FODM/FODAm","primary",NA,"2014",2016,2182,132,"/home/danilo/Documentos/Doutorado/artigo_mestrado/paisagens_atualizadas/ref3839_NA_5999.tif",0.0999999999999999,"laplace","2",2182,2.14078289901497,7.10938222065988,0.735954314933021,0.00219971
"454","732","/home/danilo/Documentos/Doutorado/artigo_mestrado/1A.P_MOVER/simulacao/ref454_NA_732.txt","PRdiam2","yes","ok NAB digitado! Checado","precisa","parcelas","PR","contiguous/systematic",7,1.05,"DBH>5.0cm",1449.48,"UC Protecao Integral",1229.3,NA,"Atlantic_Forest","FES","FESSm","secondary",NA,NA,2004,1146,85,"/home/danilo/Documentos/Doutorado/artigo_mestrado/paisagens_atualizadas/ref454_NA_732.tif",0.0999999999999999,"laplace","2",1091.42857142857,3.0269297423167,10.144625209488,0.0980168019075058,0.00419298
"454","732","/home/danilo/Documentos/Doutorado/artigo_mestrado/1A.P_MOVER/simulacao/ref454_NA_732.txt","PRdiam2","yes","ok NAB digitado! Checado","precisa","parcelas","PR","contiguous/systematic",7,1.05,"DBH>5.0cm",1449.48,"UC Protecao Integral",1229.3,NA,"Atlantic_Forest","FES","FESSm","secondary",NA,NA,2004,1146,85,"/home/danilo/Documentos/Doutorado/artigo_mestrado/paisagens_atualizadas/ref454_NA_732.tif",0.0999999999999999,"laplace","2",1091.42857142857,3.0269297423167,10.144625209488,0.0980168019075058,0.00399726
"454","732","/home/danilo/Documentos/Doutorado/artigo_mestrado/1A.P_MOVER/simulacao/ref454_NA_732.txt","PRdiam2","yes","ok NAB digitado! Checado","precisa","parcelas","PR","contiguous/systematic",7,1.05,"DBH>5.0cm",1449.48,"UC Protecao Integral",1229.3,NA,"Atlantic_Forest","FES","FESSm","secondary",NA,NA,2004,1146,85,"/home/danilo/Documentos/Doutorado/artigo_mestrado/paisagens_atualizadas/ref454_NA_732.tif",0.0999999999999999,"laplace","2",1091.42857142857,3.0269297423167,10.144625209488,0.0980168019075058,0.00399444
"454","732","/home/danilo/Documentos/Doutorado/artigo_mestrado/1A.P_MOVER/simulacao/ref454_NA_732.txt","PRdiam2","yes","ok NAB digitado! Checado","precisa","parcelas","PR","contiguous/systematic",7,1.05,"DBH>5.0cm",1449.48,"UC Protecao Integral",1229.3,NA,"Atlantic_Forest","FES","FESSm","secondary",NA,NA,2004,1146,85,"/home/danilo/Documentos/Doutorado/artigo_mestrado/paisagens_atualizadas/ref454_NA_732.tif",0.0999999999999999,"laplace","2",1091.42857142857,3.0269297423167,10.144625209488,0.0980168019075058,0.00428496
"454","732","/home/danilo/Documentos/Doutorado/artigo_mestrado/1A.P_MOVER/simulacao/ref454_NA_732.txt","PRdiam2","yes","ok NAB digitado! Checado","precisa","parcelas","PR","contiguous/systematic",7,1.05,"DBH>5.0cm",1449.48,"UC Protecao Integral",1229.3,NA,"Atlantic_Forest","FES","FESSm","secondary",NA,NA,2004,1146,85,"/home/danilo/Documentos/Doutorado/artigo_mestrado/paisagens_atualizadas/ref454_NA_732.tif",0.0999999999999999,"laplace","2",1091.42857142857,3.0269297423167,10.144625209488,0.0980168019075058,0.00423548
"454","732","/home/danilo/Documentos/Doutorado/artigo_mestrado/1A.P_MOVER/simulacao/ref454_NA_732.txt","PRdiam2","yes","ok NAB digitado! Checado","precisa","parcelas","PR","contiguous/systematic",7,1.05,"DBH>5.0cm",1449.48,"UC Protecao Integral",1229.3,NA,"Atlantic_Forest","FES","FESSm","secondary",NA,NA,2004,1146,85,"/home/danilo/Documentos/Doutorado/artigo_mestrado/paisagens_atualizadas/ref454_NA_732.tif",0.0999999999999999,"laplace","2",1091.42857142857,3.0269297423167,10.144625209488,0.0980168019075058,0.00402155
"454","732","/home/danilo/Documentos/Doutorado/artigo_mestrado/1A.P_MOVER/simulacao/ref454_NA_732.txt","PRdiam2","yes","ok NAB digitado! Checado","precisa","parcelas","PR","contiguous/systematic",7,1.05,"DBH>5.0cm",1449.48,"UC Protecao Integral",1229.3,NA,"Atlantic_Forest","FES","FESSm","secondary",NA,NA,2004,1146,85,"/home/danilo/Documentos/Doutorado/artigo_mestrado/paisagens_atualizadas/ref454_NA_732.tif",0.0999999999999999,"laplace","2",1091.42857142857,3.0269297423167,10.144625209488,0.0980168019075058,0.00423023
"454","732","/home/danilo/Documentos/Doutorado/artigo_mestrado/1A.P_MOVER/simulacao/ref454_NA_732.txt","PRdiam2","yes","ok NAB digitado! Checado","precisa","parcelas","PR","contiguous/systematic",7,1.05,"DBH>5.0cm",1449.48,"UC Protecao Integral",1229.3,NA,"Atlantic_Forest","FES","FESSm","secondary",NA,NA,2004,1146,85,"/home/danilo/Documentos/Doutorado/artigo_mestrado/paisagens_atualizadas/ref454_NA_732.tif",0.0999999999999999,"laplace","2",1091.42857142857,3.0269297423167,10.144625209488,0.0980168019075058,0.00399444
"454","732","/home/danilo/Documentos/Doutorado/artigo_mestrado/1A.P_MOVER/simulacao/ref454_NA_732.txt","PRdiam2","yes","ok NAB digitado! Checado","precisa","parcelas","PR","contiguous/systematic",7,1.05,"DBH>5.0cm",1449.48,"UC Protecao Integral",1229.3,NA,"Atlantic_Forest","FES","FESSm","secondary",NA,NA,2004,1146,85,"/home/danilo/Documentos/Doutorado/artigo_mestrado/paisagens_atualizadas/ref454_NA_732.tif",0.0999999999999999,"laplace","2",1091.42857142857,3.0269297423167,10.144625209488,0.0980168019075058,0.00416782
"454","732","/home/danilo/Documentos/Doutorado/artigo_mestrado/1A.P_MOVER/simulacao/ref454_NA_732.txt","PRdiam2","yes","ok NAB digitado! Checado","precisa","parcelas","PR","contiguous/systematic",7,1.05,"DBH>5.0cm",1449.48,"UC Protecao Integral",1229.3,NA,"Atlantic_Forest","FES","FESSm","secondary",NA,NA,2004,1146,85,"/home/danilo/Documentos/Doutorado/artigo_mestrado/paisagens_atualizadas/ref454_NA_732.tif",0.0999999999999999,"laplace","2",1091.42857142857,3.0269297423167,10.144625209488,0.0980168019075058,0.00410683
"462","743","/home/danilo/Documentos/Doutorado/artigo_mestrado/1A.P_MOVER/simulacao/ref462_NA_743.txt","PRvent","yes","ok NAB digitado! Checado","boa","parcelas","PR","contiguous",100,1,"PBH>=15.0cm",NA,"private",14.17,207,"Atlantic_Forest","FOM","FOMAm","primary",NA,NA,2006,1270,107,"/home/danilo/Documentos/Doutorado/artigo_mestrado/paisagens_atualizadas/ref462_NA_743.tif",0.0999999999999999,"laplace","2",1270,2.80606766633157,9.32526564851793,0.502479489704826,0.0249175
"462","743","/home/danilo/Documentos/Doutorado/artigo_mestrado/1A.P_MOVER/simulacao/ref462_NA_743.txt","PRvent","yes","ok NAB digitado! Checado","boa","parcelas","PR","contiguous",100,1,"PBH>=15.0cm",NA,"private",14.17,207,"Atlantic_Forest","FOM","FOMAm","primary",NA,NA,2006,1270,107,"/home/danilo/Documentos/Doutorado/artigo_mestrado/paisagens_atualizadas/ref462_NA_743.tif",0.0999999999999999,"laplace","2",1270,2.80606766633157,9.32526564851793,0.502479489704826,0.0254602
"462","743","/home/danilo/Documentos/Doutorado/artigo_mestrado/1A.P_MOVER/simulacao/ref462_NA_743.txt","PRvent","yes","ok NAB digitado! Checado","boa","parcelas","PR","contiguous",100,1,"PBH>=15.0cm",NA,"private",14.17,207,"Atlantic_Forest","FOM","FOMAm","primary",NA,NA,2006,1270,107,"/home/danilo/Documentos/Doutorado/artigo_mestrado/paisagens_atualizadas/ref462_NA_743.tif",0.0999999999999999,"laplace","2",1270,2.80606766633157,9.32526564851793,0.502479489704826,0.0250966
"462","743","/home/danilo/Documentos/Doutorado/artigo_mestrado/1A.P_MOVER/simulacao/ref462_NA_743.txt","PRvent","yes","ok NAB digitado! Checado","boa","parcelas","PR","contiguous",100,1,"PBH>=15.0cm",NA,"private",14.17,207,"Atlantic_Forest","FOM","FOMAm","primary",NA,NA,2006,1270,107,"/home/danilo/Documentos/Doutorado/artigo_mestrado/paisagens_atualizadas/ref462_NA_743.tif",0.0999999999999999,"laplace","2",1270,2.80606766633157,9.32526564851793,0.502479489704826,0.0241775
"462","743","/home/danilo/Documentos/Doutorado/artigo_mestrado/1A.P_MOVER/simulacao/ref462_NA_743.txt","PRvent","yes","ok NAB digitado! Checado","boa","parcelas","PR","contiguous",100,1,"PBH>=15.0cm",NA,"private",14.17,207,"Atlantic_Forest","FOM","FOMAm","primary",NA,NA,2006,1270,107,"/home/danilo/Documentos/Doutorado/artigo_mestrado/paisagens_atualizadas/ref462_NA_743.tif",0.0999999999999999,"laplace","2",1270,2.80606766633157,9.32526564851793,0.502479489704826,0.0260176
"462","743","/home/danilo/Documentos/Doutorado/artigo_mestrado/1A.P_MOVER/simulacao/ref462_NA_743.txt","PRvent","yes","ok NAB digitado! Checado","boa","parcelas","PR","contiguous",100,1,"PBH>=15.0cm",NA,"private",14.17,207,"Atlantic_Forest","FOM","FOMAm","primary",NA,NA,2006,1270,107,"/home/danilo/Documentos/Doutorado/artigo_mestrado/paisagens_atualizadas/ref462_NA_743.tif",0.0999999999999999,"laplace","2",1270,2.80606766633157,9.32526564851793,0.502479489704826,0.0247371
"462","743","/home/danilo/Documentos/Doutorado/artigo_mestrado/1A.P_MOVER/simulacao/ref462_NA_743.txt","PRvent","yes","ok NAB digitado! Checado","boa","parcelas","PR","contiguous",100,1,"PBH>=15.0cm",NA,"private",14.17,207,"Atlantic_Forest","FOM","FOMAm","primary",NA,NA,2006,1270,107,"/home/danilo/Documentos/Doutorado/artigo_mestrado/paisagens_atualizadas/ref462_NA_743.tif",0.0999999999999999,"laplace","2",1270,2.80606766633157,9.32526564851793,0.502479489704826,0.0235418
"462","743","/home/danilo/Documentos/Doutorado/artigo_mestrado/1A.P_MOVER/simulacao/ref462_NA_743.txt","PRvent","yes","ok NAB digitado! Checado","boa","parcelas","PR","contiguous",100,1,"PBH>=15.0cm",NA,"private",14.17,207,"Atlantic_Forest","FOM","FOMAm","primary",NA,NA,2006,1270,107,"/home/danilo/Documentos/Doutorado/artigo_mestrado/paisagens_atualizadas/ref462_NA_743.tif",0.0999999999999999,"laplace","2",1270,2.80606766633157,9.32526564851793,0.502479489704826,0.0244436
"462","743","/home/danilo/Documentos/Doutorado/artigo_mestrado/1A.P_MOVER/simulacao/ref462_NA_743.txt","PRvent","yes","ok NAB digitado! Checado","boa","parcelas","PR","contiguous",100,1,"PBH>=15.0cm",NA,"private",14.17,207,"Atlantic_Forest","FOM","FOMAm","primary",NA,NA,2006,1270,107,"/home/danilo/Documentos/Doutorado/artigo_mestrado/paisagens_atualizadas/ref462_NA_743.tif",0.0999999999999999,"laplace","2",1270,2.80606766633157,9.32526564851793,0.502479489704826,0.0248884
"462","743","/home/danilo/Documentos/Doutorado/artigo_mestrado/1A.P_MOVER/simulacao/ref462_NA_743.txt","PRvent","yes","ok NAB digitado! Checado","boa","parcelas","PR","contiguous",100,1,"PBH>=15.0cm",NA,"private",14.17,207,"Atlantic_Forest","FOM","FOMAm","primary",NA,NA,2006,1270,107,"/home/danilo/Documentos/Doutorado/artigo_mestrado/paisagens_atualizadas/ref462_NA_743.tif",0.0999999999999999,"laplace","2",1270,2.80606766633157,9.32526564851793,0.502479489704826,0.0246483
"601","942","/home/danilo/Documentos/Doutorado/artigo_mestrado/1A.P_MOVER/simulacao/ref601_NA_942.txt","RJpnrj","yes","ok NAB digitado! Checado","precisa","parcelas","RJ","contiguous",72,1.44,"DBH>=5.0cm",14867.28,"UC Protecao Integral",178.91,3640,"Atlantic_Forest","Formacao pioneira sob influencia marinha","FAR inundavel","primary/secondary",NA,NA,2009,2164,84,"/home/danilo/Documentos/Doutorado/artigo_mestrado/paisagens_atualizadas/ref601_NA_942.tif",0.0999999999999999,"laplace","2",1502.77777777778,2.57960148235409,8.5490479320796,0.0530821400326181,0.004716
"601","942","/home/danilo/Documentos/Doutorado/artigo_mestrado/1A.P_MOVER/simulacao/ref601_NA_942.txt","RJpnrj","yes","ok NAB digitado! Checado","precisa","parcelas","RJ","contiguous",72,1.44,"DBH>=5.0cm",14867.28,"UC Protecao Integral",178.91,3640,"Atlantic_Forest","Formacao pioneira sob influencia marinha","FAR inundavel","primary/secondary",NA,NA,2009,2164,84,"/home/danilo/Documentos/Doutorado/artigo_mestrado/paisagens_atualizadas/ref601_NA_942.tif",0.0999999999999999,"laplace","2",1502.77777777778,2.57960148235409,8.5490479320796,0.0530821400326181,0.00457768
"601","942","/home/danilo/Documentos/Doutorado/artigo_mestrado/1A.P_MOVER/simulacao/ref601_NA_942.txt","RJpnrj","yes","ok NAB digitado! Checado","precisa","parcelas","RJ","contiguous",72,1.44,"DBH>=5.0cm",14867.28,"UC Protecao Integral",178.91,3640,"Atlantic_Forest","Formacao pioneira sob influencia marinha","FAR inundavel","primary/secondary",NA,NA,2009,2164,84,"/home/danilo/Documentos/Doutorado/artigo_mestrado/paisagens_atualizadas/ref601_NA_942.tif",0.0999999999999999,"laplace","2",1502.77777777778,2.57960148235409,8.5490479320796,0.0530821400326181,0.00461862
"601","942","/home/danilo/Documentos/Doutorado/artigo_mestrado/1A.P_MOVER/simulacao/ref601_NA_942.txt","RJpnrj","yes","ok NAB digitado! Checado","precisa","parcelas","RJ","contiguous",72,1.44,"DBH>=5.0cm",14867.28,"UC Protecao Integral",178.91,3640,"Atlantic_Forest","Formacao pioneira sob influencia marinha","FAR inundavel","primary/secondary",NA,NA,2009,2164,84,"/home/danilo/Documentos/Doutorado/artigo_mestrado/paisagens_atualizadas/ref601_NA_942.tif",0.0999999999999999,"laplace","2",1502.77777777778,2.57960148235409,8.5490479320796,0.0530821400326181,0.00465667
"601","942","/home/danilo/Documentos/Doutorado/artigo_mestrado/1A.P_MOVER/simulacao/ref601_NA_942.txt","RJpnrj","yes","ok NAB digitado! Checado","precisa","parcelas","RJ","contiguous",72,1.44,"DBH>=5.0cm",14867.28,"UC Protecao Integral",178.91,3640,"Atlantic_Forest","Formacao pioneira sob influencia marinha","FAR inundavel","primary/secondary",NA,NA,2009,2164,84,"/home/danilo/Documentos/Doutorado/artigo_mestrado/paisagens_atualizadas/ref601_NA_942.tif",0.0999999999999999,"laplace","2",1502.77777777778,2.57960148235409,8.5490479320796,0.0530821400326181,0.00441897
"601","942","/home/danilo/Documentos/Doutorado/artigo_mestrado/1A.P_MOVER/simulacao/ref601_NA_942.txt","RJpnrj","yes","ok NAB digitado! Checado","precisa","parcelas","RJ","contiguous",72,1.44,"DBH>=5.0cm",14867.28,"UC Protecao Integral",178.91,3640,"Atlantic_Forest","Formacao pioneira sob influencia marinha","FAR inundavel","primary/secondary",NA,NA,2009,2164,84,"/home/danilo/Documentos/Doutorado/artigo_mestrado/paisagens_atualizadas/ref601_NA_942.tif",0.0999999999999999,"laplace","2",1502.77777777778,2.57960148235409,8.5490479320796,0.0530821400326181,0.0046326
"601","942","/home/danilo/Documentos/Doutorado/artigo_mestrado/1A.P_MOVER/simulacao/ref601_NA_942.txt","RJpnrj","yes","ok NAB digitado! Checado","precisa","parcelas","RJ","contiguous",72,1.44,"DBH>=5.0cm",14867.28,"UC Protecao Integral",178.91,3640,"Atlantic_Forest","Formacao pioneira sob influencia marinha","FAR inundavel","primary/secondary",NA,NA,2009,2164,84,"/home/danilo/Documentos/Doutorado/artigo_mestrado/paisagens_atualizadas/ref601_NA_942.tif",0.0999999999999999,"laplace","2",1502.77777777778,2.57960148235409,8.5490479320796,0.0530821400326181,0.00441897
"601","942","/home/danilo/Documentos/Doutorado/artigo_mestrado/1A.P_MOVER/simulacao/ref601_NA_942.txt","RJpnrj","yes","ok NAB digitado! Checado","precisa","parcelas","RJ","contiguous",72,1.44,"DBH>=5.0cm",14867.28,"UC Protecao Integral",178.91,3640,"Atlantic_Forest","Formacao pioneira sob influencia marinha","FAR inundavel","primary/secondary",NA,NA,2009,2164,84,"/home/danilo/Documentos/Doutorado/artigo_mestrado/paisagens_atualizadas/ref601_NA_942.tif",0.0999999999999999,"laplace","2",1502.77777777778,2.57960148235409,8.5490479320796,0.0530821400326181,0.00473029
"601","942","/home/danilo/Documentos/Doutorado/artigo_mestrado/1A.P_MOVER/simulacao/ref601_NA_942.txt","RJpnrj","yes","ok NAB digitado! Checado","precisa","parcelas","RJ","contiguous",72,1.44,"DBH>=5.0cm",14867.28,"UC Protecao Integral",178.91,3640,"Atlantic_Forest","Formacao pioneira sob influencia marinha","FAR inundavel","primary/secondary",NA,NA,2009,2164,84,"/home/danilo/Documentos/Doutorado/artigo_mestrado/paisagens_atualizadas/ref601_NA_942.tif",0.0999999999999999,"laplace","2",1502.77777777778,2.57960148235409,8.5490479320796,0.0530821400326181,0.00483163
"601","942","/home/danilo/Documentos/Doutorado/artigo_mestrado/1A.P_MOVER/simulacao/ref601_NA_942.txt","RJpnrj","yes","ok NAB digitado! Checado","precisa","parcelas","RJ","contiguous",72,1.44,"DBH>=5.0cm",14867.28,"UC Protecao Integral",178.91,3640,"Atlantic_Forest","Formacao pioneira sob influencia marinha","FAR inundavel","primary/secondary",NA,NA,2009,2164,84,"/home/danilo/Documentos/Doutorado/artigo_mestrado/paisagens_atualizadas/ref601_NA_942.tif",0.0999999999999999,"laplace","2",1502.77777777778,2.57960148235409,8.5490479320796,0.0530821400326181,0.00487682
"618","968","/home/danilo/Documentos/Doutorado/artigo_mestrado/1A.P_MOVER/simulacao/ref618_NA_968.txt","RSvsol","yes","ok NAB digitado! Checado","boa","parcelas","RS","contiguous",100,1,"DBH>=5.0cm&H>500cm",NA,"private",713.03,NA,"Atlantic_Forest","FES","FESSm","primary/secondary",NA,"2001",2001,1855,55,"/home/danilo/Documentos/Doutorado/artigo_mestrado/paisagens_atualizadas/ref618_NA_968.tif",0.0999999999999999,"laplace","2",1855,2.32181730106286,7.73461278330277,0.593497050264456,0.00172944
"618","968","/home/danilo/Documentos/Doutorado/artigo_mestrado/1A.P_MOVER/simulacao/ref618_NA_968.txt","RSvsol","yes","ok NAB digitado! Checado","boa","parcelas","RS","contiguous",100,1,"DBH>=5.0cm&H>500cm",NA,"private",713.03,NA,"Atlantic_Forest","FES","FESSm","primary/secondary",NA,"2001",2001,1855,55,"/home/danilo/Documentos/Doutorado/artigo_mestrado/paisagens_atualizadas/ref618_NA_968.tif",0.0999999999999999,"laplace","2",1855,2.32181730106286,7.73461278330277,0.593497050264456,0.00184217
"618","968","/home/danilo/Documentos/Doutorado/artigo_mestrado/1A.P_MOVER/simulacao/ref618_NA_968.txt","RSvsol","yes","ok NAB digitado! Checado","boa","parcelas","RS","contiguous",100,1,"DBH>=5.0cm&H>500cm",NA,"private",713.03,NA,"Atlantic_Forest","FES","FESSm","primary/secondary",NA,"2001",2001,1855,55,"/home/danilo/Documentos/Doutorado/artigo_mestrado/paisagens_atualizadas/ref618_NA_968.tif",0.0999999999999999,"laplace","2",1855,2.32181730106286,7.73461278330277,0.593497050264456,0.00175629
"618","968","/home/danilo/Documentos/Doutorado/artigo_mestrado/1A.P_MOVER/simulacao/ref618_NA_968.txt","RSvsol","yes","ok NAB digitado! Checado","boa","parcelas","RS","contiguous",100,1,"DBH>=5.0cm&H>500cm",NA,"private",713.03,NA,"Atlantic_Forest","FES","FESSm","primary/secondary",NA,"2001",2001,1855,55,"/home/danilo/Documentos/Doutorado/artigo_mestrado/paisagens_atualizadas/ref618_NA_968.tif",0.0999999999999999,"laplace","2",1855,2.32181730106286,7.73461278330277,0.593497050264456,0.00180752
"618","968","/home/danilo/Documentos/Doutorado/artigo_mestrado/1A.P_MOVER/simulacao/ref618_NA_968.txt","RSvsol","yes","ok NAB digitado! Checado","boa","parcelas","RS","contiguous",100,1,"DBH>=5.0cm&H>500cm",NA,"private",713.03,NA,"Atlantic_Forest","FES","FESSm","primary/secondary",NA,"2001",2001,1855,55,"/home/danilo/Documentos/Doutorado/artigo_mestrado/paisagens_atualizadas/ref618_NA_968.tif",0.0999999999999999,"laplace","2",1855,2.32181730106286,7.73461278330277,0.593497050264456,0.00180889
"618","968","/home/danilo/Documentos/Doutorado/artigo_mestrado/1A.P_MOVER/simulacao/ref618_NA_968.txt","RSvsol","yes","ok NAB digitado! Checado","boa","parcelas","RS","contiguous",100,1,"DBH>=5.0cm&H>500cm",NA,"private",713.03,NA,"Atlantic_Forest","FES","FESSm","primary/secondary",NA,"2001",2001,1855,55,"/home/danilo/Documentos/Doutorado/artigo_mestrado/paisagens_atualizadas/ref618_NA_968.tif",0.0999999999999999,"laplace","2",1855,2.32181730106286,7.73461278330277,0.593497050264456,0.00164427
"618","968","/home/danilo/Documentos/Doutorado/artigo_mestrado/1A.P_MOVER/simulacao/ref618_NA_968.txt","RSvsol","yes","ok NAB digitado! Checado","boa","parcelas","RS","contiguous",100,1,"DBH>=5.0cm&H>500cm",NA,"private",713.03,NA,"Atlantic_Forest","FES","FESSm","primary/secondary",NA,"2001",2001,1855,55,"/home/danilo/Documentos/Doutorado/artigo_mestrado/paisagens_atualizadas/ref618_NA_968.tif",0.0999999999999999,"laplace","2",1855,2.32181730106286,7.73461278330277,0.593497050264456,0.00175075
"618","968","/home/danilo/Documentos/Doutorado/artigo_mestrado/1A.P_MOVER/simulacao/ref618_NA_968.txt","RSvsol","yes","ok NAB digitado! Checado","boa","parcelas","RS","contiguous",100,1,"DBH>=5.0cm&H>500cm",NA,"private",713.03,NA,"Atlantic_Forest","FES","FESSm","primary/secondary",NA,"2001",2001,1855,55,"/home/danilo/Documentos/Doutorado/artigo_mestrado/paisagens_atualizadas/ref618_NA_968.tif",0.0999999999999999,"laplace","2",1855,2.32181730106286,7.73461278330277,0.593497050264456,0.00185543
"618","968","/home/danilo/Documentos/Doutorado/artigo_mestrado/1A.P_MOVER/simulacao/ref618_NA_968.txt","RSvsol","yes","ok NAB digitado! Checado","boa","parcelas","RS","contiguous",100,1,"DBH>=5.0cm&H>500cm",NA,"private",713.03,NA,"Atlantic_Forest","FES","FESSm","primary/secondary",NA,"2001",2001,1855,55,"/home/danilo/Documentos/Doutorado/artigo_mestrado/paisagens_atualizadas/ref618_NA_968.tif",0.0999999999999999,"laplace","2",1855,2.32181730106286,7.73461278330277,0.593497050264456,0.00175075
"618","968","/home/danilo/Documentos/Doutorado/artigo_mestrado/1A.P_MOVER/simulacao/ref618_NA_968.txt","RSvsol","yes","ok NAB digitado! Checado","boa","parcelas","RS","contiguous",100,1,"DBH>=5.0cm&H>500cm",NA,"private",713.03,NA,"Atlantic_Forest","FES","FESSm","primary/secondary",NA,"2001",2001,1855,55,"/home/danilo/Documentos/Doutorado/artigo_mestrado/paisagens_atualizadas/ref618_NA_968.tif",0.0999999999999999,"laplace","2",1855,2.32181730106286,7.73461278330277,0.593497050264456,0.00179023
"619","969","/home/danilo/Documentos/Doutorado/artigo_mestrado/1A.P_MOVER/simulacao/ref619_NA_969.txt","RScama","yes","ok NAB digitado! Checado","precisa","parcelas","RS","contiguous",100,1,"DBH>=5.0cm",NA,"private",406.26,170,"Atlantic_Forest","FES","FESSm","primary",NA,"2003",2003,2236,69,"/home/danilo/Documentos/Doutorado/artigo_mestrado/paisagens_atualizadas/ref619_NA_969.tif",0.0999999999999999,"laplace","2",2236,2.11477467218907,6.92391772825043,0.380460820975232,0.00297642
"619","969","/home/danilo/Documentos/Doutorado/artigo_mestrado/1A.P_MOVER/simulacao/ref619_NA_969.txt","RScama","yes","ok NAB digitado! Checado","precisa","parcelas","RS","contiguous",100,1,"DBH>=5.0cm",NA,"private",406.26,170,"Atlantic_Forest","FES","FESSm","primary",NA,"2003",2003,2236,69,"/home/danilo/Documentos/Doutorado/artigo_mestrado/paisagens_atualizadas/ref619_NA_969.tif",0.0999999999999999,"laplace","2",2236,2.11477467218907,6.92391772825043,0.380460820975232,0.00307878
"619","969","/home/danilo/Documentos/Doutorado/artigo_mestrado/1A.P_MOVER/simulacao/ref619_NA_969.txt","RScama","yes","ok NAB digitado! Checado","precisa","parcelas","RS","contiguous",100,1,"DBH>=5.0cm",NA,"private",406.26,170,"Atlantic_Forest","FES","FESSm","primary",NA,"2003",2003,2236,69,"/home/danilo/Documentos/Doutorado/artigo_mestrado/paisagens_atualizadas/ref619_NA_969.tif",0.0999999999999999,"laplace","2",2236,2.11477467218907,6.92391772825043,0.380460820975232,0.00329349
"619","969","/home/danilo/Documentos/Doutorado/artigo_mestrado/1A.P_MOVER/simulacao/ref619_NA_969.txt","RScama","yes","ok NAB digitado! Checado","precisa","parcelas","RS","contiguous",100,1,"DBH>=5.0cm",NA,"private",406.26,170,"Atlantic_Forest","FES","FESSm","primary",NA,"2003",2003,2236,69,"/home/danilo/Documentos/Doutorado/artigo_mestrado/paisagens_atualizadas/ref619_NA_969.tif",0.0999999999999999,"laplace","2",2236,2.11477467218907,6.92391772825043,0.380460820975232,0.00343813
"619","969","/home/danilo/Documentos/Doutorado/artigo_mestrado/1A.P_MOVER/simulacao/ref619_NA_969.txt","RScama","yes","ok NAB digitado! Checado","precisa","parcelas","RS","contiguous",100,1,"DBH>=5.0cm",NA,"private",406.26,170,"Atlantic_Forest","FES","FESSm","primary",NA,"2003",2003,2236,69,"/home/danilo/Documentos/Doutorado/artigo_mestrado/paisagens_atualizadas/ref619_NA_969.tif",0.0999999999999999,"laplace","2",2236,2.11477467218907,6.92391772825043,0.380460820975232,0.00326793
"619","969","/home/danilo/Documentos/Doutorado/artigo_mestrado/1A.P_MOVER/simulacao/ref619_NA_969.txt","RScama","yes","ok NAB digitado! Checado","precisa","parcelas","RS","contiguous",100,1,"DBH>=5.0cm",NA,"private",406.26,170,"Atlantic_Forest","FES","FESSm","primary",NA,"2003",2003,2236,69,"/home/danilo/Documentos/Doutorado/artigo_mestrado/paisagens_atualizadas/ref619_NA_969.tif",0.0999999999999999,"laplace","2",2236,2.11477467218907,6.92391772825043,0.380460820975232,0.00328271
"619","969","/home/danilo/Documentos/Doutorado/artigo_mestrado/1A.P_MOVER/simulacao/ref619_NA_969.txt","RScama","yes","ok NAB digitado! Checado","precisa","parcelas","RS","contiguous",100,1,"DBH>=5.0cm",NA,"private",406.26,170,"Atlantic_Forest","FES","FESSm","primary",NA,"2003",2003,2236,69,"/home/danilo/Documentos/Doutorado/artigo_mestrado/paisagens_atualizadas/ref619_NA_969.tif",0.0999999999999999,"laplace","2",2236,2.11477467218907,6.92391772825043,0.380460820975232,0.00303436
"619","969","/home/danilo/Documentos/Doutorado/artigo_mestrado/1A.P_MOVER/simulacao/ref619_NA_969.txt","RScama","yes","ok NAB digitado! Checado","precisa","parcelas","RS","contiguous",100,1,"DBH>=5.0cm",NA,"private",406.26,170,"Atlantic_Forest","FES","FESSm","primary",NA,"2003",2003,2236,69,"/home/danilo/Documentos/Doutorado/artigo_mestrado/paisagens_atualizadas/ref619_NA_969.tif",0.0999999999999999,"laplace","2",2236,2.11477467218907,6.92391772825043,0.380460820975232,0.00328799
"619","969","/home/danilo/Documentos/Doutorado/artigo_mestrado/1A.P_MOVER/simulacao/ref619_NA_969.txt","RScama","yes","ok NAB digitado! Checado","precisa","parcelas","RS","contiguous",100,1,"DBH>=5.0cm",NA,"private",406.26,170,"Atlantic_Forest","FES","FESSm","primary",NA,"2003",2003,2236,69,"/home/danilo/Documentos/Doutorado/artigo_mestrado/paisagens_atualizadas/ref619_NA_969.tif",0.0999999999999999,"laplace","2",2236,2.11477467218907,6.92391772825043,0.380460820975232,0.00331002
"619","969","/home/danilo/Documentos/Doutorado/artigo_mestrado/1A.P_MOVER/simulacao/ref619_NA_969.txt","RScama","yes","ok NAB digitado! Checado","precisa","parcelas","RS","contiguous",100,1,"DBH>=5.0cm",NA,"private",406.26,170,"Atlantic_Forest","FES","FESSm","primary",NA,"2003",2003,2236,69,"/home/danilo/Documentos/Doutorado/artigo_mestrado/paisagens_atualizadas/ref619_NA_969.tif",0.0999999999999999,"laplace","2",2236,2.11477467218907,6.92391772825043,0.380460820975232,0.00319382
"624","974","/home/danilo/Documentos/Doutorado/artigo_mestrado/1A.P_MOVER/simulacao/ref624_NA_974.txt","RScach1","yes","ok NAB digitado! Checado","precisa","parcelas","RS","contiguous",100,1,"PBH>=15.0cm",NA,"private",43,43,"Atlantic_Forest","FAl",NA,"primary/secondary",NA,NA,2007,1547,49,"/home/danilo/Documentos/Doutorado/artigo_mestrado/paisagens_atualizadas/ref624_NA_974.tif",0.0999999999999999,"laplace","2",1547,2.54246418090461,8.48559711247252,0.106599823632049,0.00414387
"624","974","/home/danilo/Documentos/Doutorado/artigo_mestrado/1A.P_MOVER/simulacao/ref624_NA_974.txt","RScach1","yes","ok NAB digitado! Checado","precisa","parcelas","RS","contiguous",100,1,"PBH>=15.0cm",NA,"private",43,43,"Atlantic_Forest","FAl",NA,"primary/secondary",NA,NA,2007,1547,49,"/home/danilo/Documentos/Doutorado/artigo_mestrado/paisagens_atualizadas/ref624_NA_974.tif",0.0999999999999999,"laplace","2",1547,2.54246418090461,8.48559711247252,0.106599823632049,0.0044171
"624","974","/home/danilo/Documentos/Doutorado/artigo_mestrado/1A.P_MOVER/simulacao/ref624_NA_974.txt","RScach1","yes","ok NAB digitado! Checado","precisa","parcelas","RS","contiguous",100,1,"PBH>=15.0cm",NA,"private",43,43,"Atlantic_Forest","FAl",NA,"primary/secondary",NA,NA,2007,1547,49,"/home/danilo/Documentos/Doutorado/artigo_mestrado/paisagens_atualizadas/ref624_NA_974.tif",0.0999999999999999,"laplace","2",1547,2.54246418090461,8.48559711247252,0.106599823632049,0.00429223
"624","974","/home/danilo/Documentos/Doutorado/artigo_mestrado/1A.P_MOVER/simulacao/ref624_NA_974.txt","RScach1","yes","ok NAB digitado! Checado","precisa","parcelas","RS","contiguous",100,1,"PBH>=15.0cm",NA,"private",43,43,"Atlantic_Forest","FAl",NA,"primary/secondary",NA,NA,2007,1547,49,"/home/danilo/Documentos/Doutorado/artigo_mestrado/paisagens_atualizadas/ref624_NA_974.tif",0.0999999999999999,"laplace","2",1547,2.54246418090461,8.48559711247252,0.106599823632049,0.00423567
"624","974","/home/danilo/Documentos/Doutorado/artigo_mestrado/1A.P_MOVER/simulacao/ref624_NA_974.txt","RScach1","yes","ok NAB digitado! Checado","precisa","parcelas","RS","contiguous",100,1,"PBH>=15.0cm",NA,"private",43,43,"Atlantic_Forest","FAl",NA,"primary/secondary",NA,NA,2007,1547,49,"/home/danilo/Documentos/Doutorado/artigo_mestrado/paisagens_atualizadas/ref624_NA_974.tif",0.0999999999999999,"laplace","2",1547,2.54246418090461,8.48559711247252,0.106599823632049,0.00397385
"624","974","/home/danilo/Documentos/Doutorado/artigo_mestrado/1A.P_MOVER/simulacao/ref624_NA_974.txt","RScach1","yes","ok NAB digitado! Checado","precisa","parcelas","RS","contiguous",100,1,"PBH>=15.0cm",NA,"private",43,43,"Atlantic_Forest","FAl",NA,"primary/secondary",NA,NA,2007,1547,49,"/home/danilo/Documentos/Doutorado/artigo_mestrado/paisagens_atualizadas/ref624_NA_974.tif",0.0999999999999999,"laplace","2",1547,2.54246418090461,8.48559711247252,0.106599823632049,0.00409327
"624","974","/home/danilo/Documentos/Doutorado/artigo_mestrado/1A.P_MOVER/simulacao/ref624_NA_974.txt","RScach1","yes","ok NAB digitado! Checado","precisa","parcelas","RS","contiguous",100,1,"PBH>=15.0cm",NA,"private",43,43,"Atlantic_Forest","FAl",NA,"primary/secondary",NA,NA,2007,1547,49,"/home/danilo/Documentos/Doutorado/artigo_mestrado/paisagens_atualizadas/ref624_NA_974.tif",0.0999999999999999,"laplace","2",1547,2.54246418090461,8.48559711247252,0.106599823632049,0.00442001
"624","974","/home/danilo/Documentos/Doutorado/artigo_mestrado/1A.P_MOVER/simulacao/ref624_NA_974.txt","RScach1","yes","ok NAB digitado! Checado","precisa","parcelas","RS","contiguous",100,1,"PBH>=15.0cm",NA,"private",43,43,"Atlantic_Forest","FAl",NA,"primary/secondary",NA,NA,2007,1547,49,"/home/danilo/Documentos/Doutorado/artigo_mestrado/paisagens_atualizadas/ref624_NA_974.tif",0.0999999999999999,"laplace","2",1547,2.54246418090461,8.48559711247252,0.106599823632049,0.00438285
"624","974","/home/danilo/Documentos/Doutorado/artigo_mestrado/1A.P_MOVER/simulacao/ref624_NA_974.txt","RScach1","yes","ok NAB digitado! Checado","precisa","parcelas","RS","contiguous",100,1,"PBH>=15.0cm",NA,"private",43,43,"Atlantic_Forest","FAl",NA,"primary/secondary",NA,NA,2007,1547,49,"/home/danilo/Documentos/Doutorado/artigo_mestrado/paisagens_atualizadas/ref624_NA_974.tif",0.0999999999999999,"laplace","2",1547,2.54246418090461,8.48559711247252,0.106599823632049,0.00419871
"624","974","/home/danilo/Documentos/Doutorado/artigo_mestrado/1A.P_MOVER/simulacao/ref624_NA_974.txt","RScach1","yes","ok NAB digitado! Checado","precisa","parcelas","RS","contiguous",100,1,"PBH>=15.0cm",NA,"private",43,43,"Atlantic_Forest","FAl",NA,"primary/secondary",NA,NA,2007,1547,49,"/home/danilo/Documentos/Doutorado/artigo_mestrado/paisagens_atualizadas/ref624_NA_974.tif",0.0999999999999999,"laplace","2",1547,2.54246418090461,8.48559711247252,0.106599823632049,0.00423083
"638","989","/home/danilo/Documentos/Doutorado/artigo_mestrado/1A.P_MOVER/simulacao/ref638_NA_989.txt","RScach4","yes","ok NAB digitado! Checado","precisa","parcelas","RS","contiguous",100,1,"PBH>=15.0cm",NA,"private",106.53,30,"Atlantic_Forest","FES","FESSm-Al nao inundavel","primary/secondary",NA,NA,2006,1096,55,"/home/danilo/Documentos/Doutorado/artigo_mestrado/paisagens_atualizadas/ref638_NA_989.tif",0.0999999999999999,"laplace","2",1096,3.02061046665088,10.071639156345,0.101110289676381,0.00771499
"638","989","/home/danilo/Documentos/Doutorado/artigo_mestrado/1A.P_MOVER/simulacao/ref638_NA_989.txt","RScach4","yes","ok NAB digitado! Checado","precisa","parcelas","RS","contiguous",100,1,"PBH>=15.0cm",NA,"private",106.53,30,"Atlantic_Forest","FES","FESSm-Al nao inundavel","primary/secondary",NA,NA,2006,1096,55,"/home/danilo/Documentos/Doutorado/artigo_mestrado/paisagens_atualizadas/ref638_NA_989.tif",0.0999999999999999,"laplace","2",1096,3.02061046665088,10.071639156345,0.101110289676381,0.00816405
"638","989","/home/danilo/Documentos/Doutorado/artigo_mestrado/1A.P_MOVER/simulacao/ref638_NA_989.txt","RScach4","yes","ok NAB digitado! Checado","precisa","parcelas","RS","contiguous",100,1,"PBH>=15.0cm",NA,"private",106.53,30,"Atlantic_Forest","FES","FESSm-Al nao inundavel","primary/secondary",NA,NA,2006,1096,55,"/home/danilo/Documentos/Doutorado/artigo_mestrado/paisagens_atualizadas/ref638_NA_989.tif",0.0999999999999999,"laplace","2",1096,3.02061046665088,10.071639156345,0.101110289676381,0.00826107
"638","989","/home/danilo/Documentos/Doutorado/artigo_mestrado/1A.P_MOVER/simulacao/ref638_NA_989.txt","RScach4","yes","ok NAB digitado! Checado","precisa","parcelas","RS","contiguous",100,1,"PBH>=15.0cm",NA,"private",106.53,30,"Atlantic_Forest","FES","FESSm-Al nao inundavel","primary/secondary",NA,NA,2006,1096,55,"/home/danilo/Documentos/Doutorado/artigo_mestrado/paisagens_atualizadas/ref638_NA_989.tif",0.0999999999999999,"laplace","2",1096,3.02061046665088,10.071639156345,0.101110289676381,0.00805915
"638","989","/home/danilo/Documentos/Doutorado/artigo_mestrado/1A.P_MOVER/simulacao/ref638_NA_989.txt","RScach4","yes","ok NAB digitado! Checado","precisa","parcelas","RS","contiguous",100,1,"PBH>=15.0cm",NA,"private",106.53,30,"Atlantic_Forest","FES","FESSm-Al nao inundavel","primary/secondary",NA,NA,2006,1096,55,"/home/danilo/Documentos/Doutorado/artigo_mestrado/paisagens_atualizadas/ref638_NA_989.tif",0.0999999999999999,"laplace","2",1096,3.02061046665088,10.071639156345,0.101110289676381,0.00799083
"638","989","/home/danilo/Documentos/Doutorado/artigo_mestrado/1A.P_MOVER/simulacao/ref638_NA_989.txt","RScach4","yes","ok NAB digitado! Checado","precisa","parcelas","RS","contiguous",100,1,"PBH>=15.0cm",NA,"private",106.53,30,"Atlantic_Forest","FES","FESSm-Al nao inundavel","primary/secondary",NA,NA,2006,1096,55,"/home/danilo/Documentos/Doutorado/artigo_mestrado/paisagens_atualizadas/ref638_NA_989.tif",0.0999999999999999,"laplace","2",1096,3.02061046665088,10.071639156345,0.101110289676381,0.00779777
"638","989","/home/danilo/Documentos/Doutorado/artigo_mestrado/1A.P_MOVER/simulacao/ref638_NA_989.txt","RScach4","yes","ok NAB digitado! Checado","precisa","parcelas","RS","contiguous",100,1,"PBH>=15.0cm",NA,"private",106.53,30,"Atlantic_Forest","FES","FESSm-Al nao inundavel","primary/secondary",NA,NA,2006,1096,55,"/home/danilo/Documentos/Doutorado/artigo_mestrado/paisagens_atualizadas/ref638_NA_989.tif",0.0999999999999999,"laplace","2",1096,3.02061046665088,10.071639156345,0.101110289676381,0.00807332
"638","989","/home/danilo/Documentos/Doutorado/artigo_mestrado/1A.P_MOVER/simulacao/ref638_NA_989.txt","RScach4","yes","ok NAB digitado! Checado","precisa","parcelas","RS","contiguous",100,1,"PBH>=15.0cm",NA,"private",106.53,30,"Atlantic_Forest","FES","FESSm-Al nao inundavel","primary/secondary",NA,NA,2006,1096,55,"/home/danilo/Documentos/Doutorado/artigo_mestrado/paisagens_atualizadas/ref638_NA_989.tif",0.0999999999999999,"laplace","2",1096,3.02061046665088,10.071639156345,0.101110289676381,0.00781451
"638","989","/home/danilo/Documentos/Doutorado/artigo_mestrado/1A.P_MOVER/simulacao/ref638_NA_989.txt","RScach4","yes","ok NAB digitado! Checado","precisa","parcelas","RS","contiguous",100,1,"PBH>=15.0cm",NA,"private",106.53,30,"Atlantic_Forest","FES","FESSm-Al nao inundavel","primary/secondary",NA,NA,2006,1096,55,"/home/danilo/Documentos/Doutorado/artigo_mestrado/paisagens_atualizadas/ref638_NA_989.tif",0.0999999999999999,"laplace","2",1096,3.02061046665088,10.071639156345,0.101110289676381,0.00841046
"638","989","/home/danilo/Documentos/Doutorado/artigo_mestrado/1A.P_MOVER/simulacao/ref638_NA_989.txt","RScach4","yes","ok NAB digitado! Checado","precisa","parcelas","RS","contiguous",100,1,"PBH>=15.0cm",NA,"private",106.53,30,"Atlantic_Forest","FES","FESSm-Al nao inundavel","primary/secondary",NA,NA,2006,1096,55,"/home/danilo/Documentos/Doutorado/artigo_mestrado/paisagens_atualizadas/ref638_NA_989.tif",0.0999999999999999,"laplace","2",1096,3.02061046665088,10.071639156345,0.101110289676381,0.00768048
"639","990","/home/danilo/Documentos/Doutorado/artigo_mestrado/1A.P_MOVER/simulacao/ref639_NA_990.txt","RSfaxi","yes","ok NAB digitado! Checado","boa","parcelas","RS","contiguous",100,1,"PBH>=15.0cm",NA,"private",63.59,877.5,"Atlantic_Forest","Contato FES/FOM",NA,"primary",NA,"2008",2012,1211,74,"/home/danilo/Documentos/Doutorado/artigo_mestrado/paisagens_atualizadas/ref639_NA_990.tif",0.0999999999999999,"laplace","2",1211,2.87361067569039,9.48594957695378,0.327546581572566,0.009406
"639","990","/home/danilo/Documentos/Doutorado/artigo_mestrado/1A.P_MOVER/simulacao/ref639_NA_990.txt","RSfaxi","yes","ok NAB digitado! Checado","boa","parcelas","RS","contiguous",100,1,"PBH>=15.0cm",NA,"private",63.59,877.5,"Atlantic_Forest","Contato FES/FOM",NA,"primary",NA,"2008",2012,1211,74,"/home/danilo/Documentos/Doutorado/artigo_mestrado/paisagens_atualizadas/ref639_NA_990.tif",0.0999999999999999,"laplace","2",1211,2.87361067569039,9.48594957695378,0.327546581572566,0.0100538
"639","990","/home/danilo/Documentos/Doutorado/artigo_mestrado/1A.P_MOVER/simulacao/ref639_NA_990.txt","RSfaxi","yes","ok NAB digitado! Checado","boa","parcelas","RS","contiguous",100,1,"PBH>=15.0cm",NA,"private",63.59,877.5,"Atlantic_Forest","Contato FES/FOM",NA,"primary",NA,"2008",2012,1211,74,"/home/danilo/Documentos/Doutorado/artigo_mestrado/paisagens_atualizadas/ref639_NA_990.tif",0.0999999999999999,"laplace","2",1211,2.87361067569039,9.48594957695378,0.327546581572566,0.0102591
"639","990","/home/danilo/Documentos/Doutorado/artigo_mestrado/1A.P_MOVER/simulacao/ref639_NA_990.txt","RSfaxi","yes","ok NAB digitado! Checado","boa","parcelas","RS","contiguous",100,1,"PBH>=15.0cm",NA,"private",63.59,877.5,"Atlantic_Forest","Contato FES/FOM",NA,"primary",NA,"2008",2012,1211,74,"/home/danilo/Documentos/Doutorado/artigo_mestrado/paisagens_atualizadas/ref639_NA_990.tif",0.0999999999999999,"laplace","2",1211,2.87361067569039,9.48594957695378,0.327546581572566,0.0101525
"639","990","/home/danilo/Documentos/Doutorado/artigo_mestrado/1A.P_MOVER/simulacao/ref639_NA_990.txt","RSfaxi","yes","ok NAB digitado! Checado","boa","parcelas","RS","contiguous",100,1,"PBH>=15.0cm",NA,"private",63.59,877.5,"Atlantic_Forest","Contato FES/FOM",NA,"primary",NA,"2008",2012,1211,74,"/home/danilo/Documentos/Doutorado/artigo_mestrado/paisagens_atualizadas/ref639_NA_990.tif",0.0999999999999999,"laplace","2",1211,2.87361067569039,9.48594957695378,0.327546581572566,0.0101525
"639","990","/home/danilo/Documentos/Doutorado/artigo_mestrado/1A.P_MOVER/simulacao/ref639_NA_990.txt","RSfaxi","yes","ok NAB digitado! Checado","boa","parcelas","RS","contiguous",100,1,"PBH>=15.0cm",NA,"private",63.59,877.5,"Atlantic_Forest","Contato FES/FOM",NA,"primary",NA,"2008",2012,1211,74,"/home/danilo/Documentos/Doutorado/artigo_mestrado/paisagens_atualizadas/ref639_NA_990.tif",0.0999999999999999,"laplace","2",1211,2.87361067569039,9.48594957695378,0.327546581572566,0.00995065
"639","990","/home/danilo/Documentos/Doutorado/artigo_mestrado/1A.P_MOVER/simulacao/ref639_NA_990.txt","RSfaxi","yes","ok NAB digitado! Checado","boa","parcelas","RS","contiguous",100,1,"PBH>=15.0cm",NA,"private",63.59,877.5,"Atlantic_Forest","Contato FES/FOM",NA,"primary",NA,"2008",2012,1211,74,"/home/danilo/Documentos/Doutorado/artigo_mestrado/paisagens_atualizadas/ref639_NA_990.tif",0.0999999999999999,"laplace","2",1211,2.87361067569039,9.48594957695378,0.327546581572566,0.00976597
"639","990","/home/danilo/Documentos/Doutorado/artigo_mestrado/1A.P_MOVER/simulacao/ref639_NA_990.txt","RSfaxi","yes","ok NAB digitado! Checado","boa","parcelas","RS","contiguous",100,1,"PBH>=15.0cm",NA,"private",63.59,877.5,"Atlantic_Forest","Contato FES/FOM",NA,"primary",NA,"2008",2012,1211,74,"/home/danilo/Documentos/Doutorado/artigo_mestrado/paisagens_atualizadas/ref639_NA_990.tif",0.0999999999999999,"laplace","2",1211,2.87361067569039,9.48594957695378,0.327546581572566,0.00989195
"639","990","/home/danilo/Documentos/Doutorado/artigo_mestrado/1A.P_MOVER/simulacao/ref639_NA_990.txt","RSfaxi","yes","ok NAB digitado! Checado","boa","parcelas","RS","contiguous",100,1,"PBH>=15.0cm",NA,"private",63.59,877.5,"Atlantic_Forest","Contato FES/FOM",NA,"primary",NA,"2008",2012,1211,74,"/home/danilo/Documentos/Doutorado/artigo_mestrado/paisagens_atualizadas/ref639_NA_990.tif",0.0999999999999999,"laplace","2",1211,2.87361067569039,9.48594957695378,0.327546581572566,0.00978998
"639","990","/home/danilo/Documentos/Doutorado/artigo_mestrado/1A.P_MOVER/simulacao/ref639_NA_990.txt","RSfaxi","yes","ok NAB digitado! Checado","boa","parcelas","RS","contiguous",100,1,"PBH>=15.0cm",NA,"private",63.59,877.5,"Atlantic_Forest","Contato FES/FOM",NA,"primary",NA,"2008",2012,1211,74,"/home/danilo/Documentos/Doutorado/artigo_mestrado/paisagens_atualizadas/ref639_NA_990.tif",0.0999999999999999,"laplace","2",1211,2.87361067569039,9.48594957695378,0.327546581572566,0.00959959
"658","1017","/home/danilo/Documentos/Doutorado/artigo_mestrado/1A.P_MOVER/simulacao/ref658_NA_1017.txt","RSmaqu4","yes","ok NAB digitado! Checado","boa","parcelas","RS","contiguous",100,1,"DBH>=5.0cm",NA,"private",110.02,NA,"Atlantic_Forest","FOD","FODSm","primary",NA,"2002",2002,1531,85,"/home/danilo/Documentos/Doutorado/artigo_mestrado/paisagens_atualizadas/ref658_NA_1017.tif",0.0999999999999999,"laplace","2",1531,2.55571489830357,8.45035519537834,0.357153015616209,0.0045143
"658","1017","/home/danilo/Documentos/Doutorado/artigo_mestrado/1A.P_MOVER/simulacao/ref658_NA_1017.txt","RSmaqu4","yes","ok NAB digitado! Checado","boa","parcelas","RS","contiguous",100,1,"DBH>=5.0cm",NA,"private",110.02,NA,"Atlantic_Forest","FOD","FODSm","primary",NA,"2002",2002,1531,85,"/home/danilo/Documentos/Doutorado/artigo_mestrado/paisagens_atualizadas/ref658_NA_1017.tif",0.0999999999999999,"laplace","2",1531,2.55571489830357,8.45035519537834,0.357153015616209,0.00477757
"658","1017","/home/danilo/Documentos/Doutorado/artigo_mestrado/1A.P_MOVER/simulacao/ref658_NA_1017.txt","RSmaqu4","yes","ok NAB digitado! Checado","boa","parcelas","RS","contiguous",100,1,"DBH>=5.0cm",NA,"private",110.02,NA,"Atlantic_Forest","FOD","FODSm","primary",NA,"2002",2002,1531,85,"/home/danilo/Documentos/Doutorado/artigo_mestrado/paisagens_atualizadas/ref658_NA_1017.tif",0.0999999999999999,"laplace","2",1531,2.55571489830357,8.45035519537834,0.357153015616209,0.00458672
"658","1017","/home/danilo/Documentos/Doutorado/artigo_mestrado/1A.P_MOVER/simulacao/ref658_NA_1017.txt","RSmaqu4","yes","ok NAB digitado! Checado","boa","parcelas","RS","contiguous",100,1,"DBH>=5.0cm",NA,"private",110.02,NA,"Atlantic_Forest","FOD","FODSm","primary",NA,"2002",2002,1531,85,"/home/danilo/Documentos/Doutorado/artigo_mestrado/paisagens_atualizadas/ref658_NA_1017.tif",0.0999999999999999,"laplace","2",1531,2.55571489830357,8.45035519537834,0.357153015616209,0.00485703
"658","1017","/home/danilo/Documentos/Doutorado/artigo_mestrado/1A.P_MOVER/simulacao/ref658_NA_1017.txt","RSmaqu4","yes","ok NAB digitado! Checado","boa","parcelas","RS","contiguous",100,1,"DBH>=5.0cm",NA,"private",110.02,NA,"Atlantic_Forest","FOD","FODSm","primary",NA,"2002",2002,1531,85,"/home/danilo/Documentos/Doutorado/artigo_mestrado/paisagens_atualizadas/ref658_NA_1017.tif",0.0999999999999999,"laplace","2",1531,2.55571489830357,8.45035519537834,0.357153015616209,0.00475954
"658","1017","/home/danilo/Documentos/Doutorado/artigo_mestrado/1A.P_MOVER/simulacao/ref658_NA_1017.txt","RSmaqu4","yes","ok NAB digitado! Checado","boa","parcelas","RS","contiguous",100,1,"DBH>=5.0cm",NA,"private",110.02,NA,"Atlantic_Forest","FOD","FODSm","primary",NA,"2002",2002,1531,85,"/home/danilo/Documentos/Doutorado/artigo_mestrado/paisagens_atualizadas/ref658_NA_1017.tif",0.0999999999999999,"laplace","2",1531,2.55571489830357,8.45035519537834,0.357153015616209,0.00463936
"658","1017","/home/danilo/Documentos/Doutorado/artigo_mestrado/1A.P_MOVER/simulacao/ref658_NA_1017.txt","RSmaqu4","yes","ok NAB digitado! Checado","boa","parcelas","RS","contiguous",100,1,"DBH>=5.0cm",NA,"private",110.02,NA,"Atlantic_Forest","FOD","FODSm","primary",NA,"2002",2002,1531,85,"/home/danilo/Documentos/Doutorado/artigo_mestrado/paisagens_atualizadas/ref658_NA_1017.tif",0.0999999999999999,"laplace","2",1531,2.55571489830357,8.45035519537834,0.357153015616209,0.00468236
"658","1017","/home/danilo/Documentos/Doutorado/artigo_mestrado/1A.P_MOVER/simulacao/ref658_NA_1017.txt","RSmaqu4","yes","ok NAB digitado! Checado","boa","parcelas","RS","contiguous",100,1,"DBH>=5.0cm",NA,"private",110.02,NA,"Atlantic_Forest","FOD","FODSm","primary",NA,"2002",2002,1531,85,"/home/danilo/Documentos/Doutorado/artigo_mestrado/paisagens_atualizadas/ref658_NA_1017.tif",0.0999999999999999,"laplace","2",1531,2.55571489830357,8.45035519537834,0.357153015616209,0.00467312
"658","1017","/home/danilo/Documentos/Doutorado/artigo_mestrado/1A.P_MOVER/simulacao/ref658_NA_1017.txt","RSmaqu4","yes","ok NAB digitado! Checado","boa","parcelas","RS","contiguous",100,1,"DBH>=5.0cm",NA,"private",110.02,NA,"Atlantic_Forest","FOD","FODSm","primary",NA,"2002",2002,1531,85,"/home/danilo/Documentos/Doutorado/artigo_mestrado/paisagens_atualizadas/ref658_NA_1017.tif",0.0999999999999999,"laplace","2",1531,2.55571489830357,8.45035519537834,0.357153015616209,0.00465141
"658","1017","/home/danilo/Documentos/Doutorado/artigo_mestrado/1A.P_MOVER/simulacao/ref658_NA_1017.txt","RSmaqu4","yes","ok NAB digitado! Checado","boa","parcelas","RS","contiguous",100,1,"DBH>=5.0cm",NA,"private",110.02,NA,"Atlantic_Forest","FOD","FODSm","primary",NA,"2002",2002,1531,85,"/home/danilo/Documentos/Doutorado/artigo_mestrado/paisagens_atualizadas/ref658_NA_1017.tif",0.0999999999999999,"laplace","2",1531,2.55571489830357,8.45035519537834,0.357153015616209,0.00495458
"658","1018","/home/danilo/Documentos/Doutorado/artigo_mestrado/1A.P_MOVER/simulacao/ref658_NA_1018.txt","RSrioz1","yes","ok NAB digitado! Checado","boa","parcelas","RS","contiguous",100,1,"DBH>=5.0cm",NA,"private",1649.08,NA,"Atlantic_Forest","FOD","FODM","primary",NA,"2002",2002,1206,78,"/home/danilo/Documentos/Doutorado/artigo_mestrado/paisagens_atualizadas/ref658_NA_1018.tif",0.0999999999999999,"laplace","2",1206,2.87956141860453,9.6076214977382,0.897622250949599,0.00359591
"658","1018","/home/danilo/Documentos/Doutorado/artigo_mestrado/1A.P_MOVER/simulacao/ref658_NA_1018.txt","RSrioz1","yes","ok NAB digitado! Checado","boa","parcelas","RS","contiguous",100,1,"DBH>=5.0cm",NA,"private",1649.08,NA,"Atlantic_Forest","FOD","FODM","primary",NA,"2002",2002,1206,78,"/home/danilo/Documentos/Doutorado/artigo_mestrado/paisagens_atualizadas/ref658_NA_1018.tif",0.0999999999999999,"laplace","2",1206,2.87956141860453,9.6076214977382,0.897622250949599,0.00335129
"658","1018","/home/danilo/Documentos/Doutorado/artigo_mestrado/1A.P_MOVER/simulacao/ref658_NA_1018.txt","RSrioz1","yes","ok NAB digitado! Checado","boa","parcelas","RS","contiguous",100,1,"DBH>=5.0cm",NA,"private",1649.08,NA,"Atlantic_Forest","FOD","FODM","primary",NA,"2002",2002,1206,78,"/home/danilo/Documentos/Doutorado/artigo_mestrado/paisagens_atualizadas/ref658_NA_1018.tif",0.0999999999999999,"laplace","2",1206,2.87956141860453,9.6076214977382,0.897622250949599,0.00372426
"658","1018","/home/danilo/Documentos/Doutorado/artigo_mestrado/1A.P_MOVER/simulacao/ref658_NA_1018.txt","RSrioz1","yes","ok NAB digitado! Checado","boa","parcelas","RS","contiguous",100,1,"DBH>=5.0cm",NA,"private",1649.08,NA,"Atlantic_Forest","FOD","FODM","primary",NA,"2002",2002,1206,78,"/home/danilo/Documentos/Doutorado/artigo_mestrado/paisagens_atualizadas/ref658_NA_1018.tif",0.0999999999999999,"laplace","2",1206,2.87956141860453,9.6076214977382,0.897622250949599,0.00385037
"658","1018","/home/danilo/Documentos/Doutorado/artigo_mestrado/1A.P_MOVER/simulacao/ref658_NA_1018.txt","RSrioz1","yes","ok NAB digitado! Checado","boa","parcelas","RS","contiguous",100,1,"DBH>=5.0cm",NA,"private",1649.08,NA,"Atlantic_Forest","FOD","FODM","primary",NA,"2002",2002,1206,78,"/home/danilo/Documentos/Doutorado/artigo_mestrado/paisagens_atualizadas/ref658_NA_1018.tif",0.0999999999999999,"laplace","2",1206,2.87956141860453,9.6076214977382,0.897622250949599,0.00344862
"658","1018","/home/danilo/Documentos/Doutorado/artigo_mestrado/1A.P_MOVER/simulacao/ref658_NA_1018.txt","RSrioz1","yes","ok NAB digitado! Checado","boa","parcelas","RS","contiguous",100,1,"DBH>=5.0cm",NA,"private",1649.08,NA,"Atlantic_Forest","FOD","FODM","primary",NA,"2002",2002,1206,78,"/home/danilo/Documentos/Doutorado/artigo_mestrado/paisagens_atualizadas/ref658_NA_1018.tif",0.0999999999999999,"laplace","2",1206,2.87956141860453,9.6076214977382,0.897622250949599,0.00370178
"658","1018","/home/danilo/Documentos/Doutorado/artigo_mestrado/1A.P_MOVER/simulacao/ref658_NA_1018.txt","RSrioz1","yes","ok NAB digitado! Checado","boa","parcelas","RS","contiguous",100,1,"DBH>=5.0cm",NA,"private",1649.08,NA,"Atlantic_Forest","FOD","FODM","primary",NA,"2002",2002,1206,78,"/home/danilo/Documentos/Doutorado/artigo_mestrado/paisagens_atualizadas/ref658_NA_1018.tif",0.0999999999999999,"laplace","2",1206,2.87956141860453,9.6076214977382,0.897622250949599,0.00353704
"658","1018","/home/danilo/Documentos/Doutorado/artigo_mestrado/1A.P_MOVER/simulacao/ref658_NA_1018.txt","RSrioz1","yes","ok NAB digitado! Checado","boa","parcelas","RS","contiguous",100,1,"DBH>=5.0cm",NA,"private",1649.08,NA,"Atlantic_Forest","FOD","FODM","primary",NA,"2002",2002,1206,78,"/home/danilo/Documentos/Doutorado/artigo_mestrado/paisagens_atualizadas/ref658_NA_1018.tif",0.0999999999999999,"laplace","2",1206,2.87956141860453,9.6076214977382,0.897622250949599,0.00329141
"658","1018","/home/danilo/Documentos/Doutorado/artigo_mestrado/1A.P_MOVER/simulacao/ref658_NA_1018.txt","RSrioz1","yes","ok NAB digitado! Checado","boa","parcelas","RS","contiguous",100,1,"DBH>=5.0cm",NA,"private",1649.08,NA,"Atlantic_Forest","FOD","FODM","primary",NA,"2002",2002,1206,78,"/home/danilo/Documentos/Doutorado/artigo_mestrado/paisagens_atualizadas/ref658_NA_1018.tif",0.0999999999999999,"laplace","2",1206,2.87956141860453,9.6076214977382,0.897622250949599,0.00366294
"658","1018","/home/danilo/Documentos/Doutorado/artigo_mestrado/1A.P_MOVER/simulacao/ref658_NA_1018.txt","RSrioz1","yes","ok NAB digitado! Checado","boa","parcelas","RS","contiguous",100,1,"DBH>=5.0cm",NA,"private",1649.08,NA,"Atlantic_Forest","FOD","FODM","primary",NA,"2002",2002,1206,78,"/home/danilo/Documentos/Doutorado/artigo_mestrado/paisagens_atualizadas/ref658_NA_1018.tif",0.0999999999999999,"laplace","2",1206,2.87956141860453,9.6076214977382,0.897622250949599,0.00341671
"663","1023","/home/danilo/Documentos/Doutorado/artigo_mestrado/1A.P_MOVER/simulacao/ref663_NA_1023.txt","RScach3","yes","ok NAB digitado! Checado","precisa","parcelas","RS","contiguous",100,1,"PBH>=15.0cm",NA,"private",65.06,20,"Atlantic_Forest","FES","FES-Al","primary/secondary",NA,NA,2007,1229,72,"/home/danilo/Documentos/Doutorado/artigo_mestrado/paisagens_atualizadas/ref663_NA_1023.tif",0.0999999999999999,"laplace","2",1229,2.85248952692565,9.43531485935924,0.102258683761009,0.0116758
"663","1023","/home/danilo/Documentos/Doutorado/artigo_mestrado/1A.P_MOVER/simulacao/ref663_NA_1023.txt","RScach3","yes","ok NAB digitado! Checado","precisa","parcelas","RS","contiguous",100,1,"PBH>=15.0cm",NA,"private",65.06,20,"Atlantic_Forest","FES","FES-Al","primary/secondary",NA,NA,2007,1229,72,"/home/danilo/Documentos/Doutorado/artigo_mestrado/paisagens_atualizadas/ref663_NA_1023.tif",0.0999999999999999,"laplace","2",1229,2.85248952692565,9.43531485935924,0.102258683761009,0.0110106
"663","1023","/home/danilo/Documentos/Doutorado/artigo_mestrado/1A.P_MOVER/simulacao/ref663_NA_1023.txt","RScach3","yes","ok NAB digitado! Checado","precisa","parcelas","RS","contiguous",100,1,"PBH>=15.0cm",NA,"private",65.06,20,"Atlantic_Forest","FES","FES-Al","primary/secondary",NA,NA,2007,1229,72,"/home/danilo/Documentos/Doutorado/artigo_mestrado/paisagens_atualizadas/ref663_NA_1023.tif",0.0999999999999999,"laplace","2",1229,2.85248952692565,9.43531485935924,0.102258683761009,0.0115389
"663","1023","/home/danilo/Documentos/Doutorado/artigo_mestrado/1A.P_MOVER/simulacao/ref663_NA_1023.txt","RScach3","yes","ok NAB digitado! Checado","precisa","parcelas","RS","contiguous",100,1,"PBH>=15.0cm",NA,"private",65.06,20,"Atlantic_Forest","FES","FES-Al","primary/secondary",NA,NA,2007,1229,72,"/home/danilo/Documentos/Doutorado/artigo_mestrado/paisagens_atualizadas/ref663_NA_1023.tif",0.0999999999999999,"laplace","2",1229,2.85248952692565,9.43531485935924,0.102258683761009,0.0113517
"663","1023","/home/danilo/Documentos/Doutorado/artigo_mestrado/1A.P_MOVER/simulacao/ref663_NA_1023.txt","RScach3","yes","ok NAB digitado! Checado","precisa","parcelas","RS","contiguous",100,1,"PBH>=15.0cm",NA,"private",65.06,20,"Atlantic_Forest","FES","FES-Al","primary/secondary",NA,NA,2007,1229,72,"/home/danilo/Documentos/Doutorado/artigo_mestrado/paisagens_atualizadas/ref663_NA_1023.tif",0.0999999999999999,"laplace","2",1229,2.85248952692565,9.43531485935924,0.102258683761009,0.0111141
"663","1023","/home/danilo/Documentos/Doutorado/artigo_mestrado/1A.P_MOVER/simulacao/ref663_NA_1023.txt","RScach3","yes","ok NAB digitado! Checado","precisa","parcelas","RS","contiguous",100,1,"PBH>=15.0cm",NA,"private",65.06,20,"Atlantic_Forest","FES","FES-Al","primary/secondary",NA,NA,2007,1229,72,"/home/danilo/Documentos/Doutorado/artigo_mestrado/paisagens_atualizadas/ref663_NA_1023.tif",0.0999999999999999,"laplace","2",1229,2.85248952692565,9.43531485935924,0.102258683761009,0.0106435
"663","1023","/home/danilo/Documentos/Doutorado/artigo_mestrado/1A.P_MOVER/simulacao/ref663_NA_1023.txt","RScach3","yes","ok NAB digitado! Checado","precisa","parcelas","RS","contiguous",100,1,"PBH>=15.0cm",NA,"private",65.06,20,"Atlantic_Forest","FES","FES-Al","primary/secondary",NA,NA,2007,1229,72,"/home/danilo/Documentos/Doutorado/artigo_mestrado/paisagens_atualizadas/ref663_NA_1023.tif",0.0999999999999999,"laplace","2",1229,2.85248952692565,9.43531485935924,0.102258683761009,0.0111718
"663","1023","/home/danilo/Documentos/Doutorado/artigo_mestrado/1A.P_MOVER/simulacao/ref663_NA_1023.txt","RScach3","yes","ok NAB digitado! Checado","precisa","parcelas","RS","contiguous",100,1,"PBH>=15.0cm",NA,"private",65.06,20,"Atlantic_Forest","FES","FES-Al","primary/secondary",NA,NA,2007,1229,72,"/home/danilo/Documentos/Doutorado/artigo_mestrado/paisagens_atualizadas/ref663_NA_1023.tif",0.0999999999999999,"laplace","2",1229,2.85248952692565,9.43531485935924,0.102258683761009,0.0116799
"663","1023","/home/danilo/Documentos/Doutorado/artigo_mestrado/1A.P_MOVER/simulacao/ref663_NA_1023.txt","RScach3","yes","ok NAB digitado! Checado","precisa","parcelas","RS","contiguous",100,1,"PBH>=15.0cm",NA,"private",65.06,20,"Atlantic_Forest","FES","FES-Al","primary/secondary",NA,NA,2007,1229,72,"/home/danilo/Documentos/Doutorado/artigo_mestrado/paisagens_atualizadas/ref663_NA_1023.tif",0.0999999999999999,"laplace","2",1229,2.85248952692565,9.43531485935924,0.102258683761009,0.0114072
"663","1023","/home/danilo/Documentos/Doutorado/artigo_mestrado/1A.P_MOVER/simulacao/ref663_NA_1023.txt","RScach3","yes","ok NAB digitado! Checado","precisa","parcelas","RS","contiguous",100,1,"PBH>=15.0cm",NA,"private",65.06,20,"Atlantic_Forest","FES","FES-Al","primary/secondary",NA,NA,2007,1229,72,"/home/danilo/Documentos/Doutorado/artigo_mestrado/paisagens_atualizadas/ref663_NA_1023.tif",0.0999999999999999,"laplace","2",1229,2.85248952692565,9.43531485935924,0.102258683761009,0.0119442
"664","1024","/home/danilo/Documentos/Doutorado/artigo_mestrado/1A.P_MOVER/simulacao/ref664_NA_1024.txt","RScach2","yes","ok NAB digitado! Checado","precisa","parcelas","RS","contiguous",100,1,"PBH>=15.0cm",NA,"private",65.06,43,"Atlantic_Forest","FES","FES-Al","primary/secondary",NA,NA,2008,1904,48,"/home/danilo/Documentos/Doutorado/artigo_mestrado/paisagens_atualizadas/ref664_NA_1024.tif",0.0999999999999999,"laplace","2",1904,2.29174624257053,7.6454503404533,0.1006451246377,0.00702262
"664","1024","/home/danilo/Documentos/Doutorado/artigo_mestrado/1A.P_MOVER/simulacao/ref664_NA_1024.txt","RScach2","yes","ok NAB digitado! Checado","precisa","parcelas","RS","contiguous",100,1,"PBH>=15.0cm",NA,"private",65.06,43,"Atlantic_Forest","FES","FES-Al","primary/secondary",NA,NA,2008,1904,48,"/home/danilo/Documentos/Doutorado/artigo_mestrado/paisagens_atualizadas/ref664_NA_1024.tif",0.0999999999999999,"laplace","2",1904,2.29174624257053,7.6454503404533,0.1006451246377,0.00731086
"664","1024","/home/danilo/Documentos/Doutorado/artigo_mestrado/1A.P_MOVER/simulacao/ref664_NA_1024.txt","RScach2","yes","ok NAB digitado! Checado","precisa","parcelas","RS","contiguous",100,1,"PBH>=15.0cm",NA,"private",65.06,43,"Atlantic_Forest","FES","FES-Al","primary/secondary",NA,NA,2008,1904,48,"/home/danilo/Documentos/Doutorado/artigo_mestrado/paisagens_atualizadas/ref664_NA_1024.tif",0.0999999999999999,"laplace","2",1904,2.29174624257053,7.6454503404533,0.1006451246377,0.0071596
"664","1024","/home/danilo/Documentos/Doutorado/artigo_mestrado/1A.P_MOVER/simulacao/ref664_NA_1024.txt","RScach2","yes","ok NAB digitado! Checado","precisa","parcelas","RS","contiguous",100,1,"PBH>=15.0cm",NA,"private",65.06,43,"Atlantic_Forest","FES","FES-Al","primary/secondary",NA,NA,2008,1904,48,"/home/danilo/Documentos/Doutorado/artigo_mestrado/paisagens_atualizadas/ref664_NA_1024.tif",0.0999999999999999,"laplace","2",1904,2.29174624257053,7.6454503404533,0.1006451246377,0.0074225
"664","1024","/home/danilo/Documentos/Doutorado/artigo_mestrado/1A.P_MOVER/simulacao/ref664_NA_1024.txt","RScach2","yes","ok NAB digitado! Checado","precisa","parcelas","RS","contiguous",100,1,"PBH>=15.0cm",NA,"private",65.06,43,"Atlantic_Forest","FES","FES-Al","primary/secondary",NA,NA,2008,1904,48,"/home/danilo/Documentos/Doutorado/artigo_mestrado/paisagens_atualizadas/ref664_NA_1024.tif",0.0999999999999999,"laplace","2",1904,2.29174624257053,7.6454503404533,0.1006451246377,0.00728075
"664","1024","/home/danilo/Documentos/Doutorado/artigo_mestrado/1A.P_MOVER/simulacao/ref664_NA_1024.txt","RScach2","yes","ok NAB digitado! Checado","precisa","parcelas","RS","contiguous",100,1,"PBH>=15.0cm",NA,"private",65.06,43,"Atlantic_Forest","FES","FES-Al","primary/secondary",NA,NA,2008,1904,48,"/home/danilo/Documentos/Doutorado/artigo_mestrado/paisagens_atualizadas/ref664_NA_1024.tif",0.0999999999999999,"laplace","2",1904,2.29174624257053,7.6454503404533,0.1006451246377,0.00720687
"664","1024","/home/danilo/Documentos/Doutorado/artigo_mestrado/1A.P_MOVER/simulacao/ref664_NA_1024.txt","RScach2","yes","ok NAB digitado! Checado","precisa","parcelas","RS","contiguous",100,1,"PBH>=15.0cm",NA,"private",65.06,43,"Atlantic_Forest","FES","FES-Al","primary/secondary",NA,NA,2008,1904,48,"/home/danilo/Documentos/Doutorado/artigo_mestrado/paisagens_atualizadas/ref664_NA_1024.tif",0.0999999999999999,"laplace","2",1904,2.29174624257053,7.6454503404533,0.1006451246377,0.00730134
"664","1024","/home/danilo/Documentos/Doutorado/artigo_mestrado/1A.P_MOVER/simulacao/ref664_NA_1024.txt","RScach2","yes","ok NAB digitado! Checado","precisa","parcelas","RS","contiguous",100,1,"PBH>=15.0cm",NA,"private",65.06,43,"Atlantic_Forest","FES","FES-Al","primary/secondary",NA,NA,2008,1904,48,"/home/danilo/Documentos/Doutorado/artigo_mestrado/paisagens_atualizadas/ref664_NA_1024.tif",0.0999999999999999,"laplace","2",1904,2.29174624257053,7.6454503404533,0.1006451246377,0.00697171
"664","1024","/home/danilo/Documentos/Doutorado/artigo_mestrado/1A.P_MOVER/simulacao/ref664_NA_1024.txt","RScach2","yes","ok NAB digitado! Checado","precisa","parcelas","RS","contiguous",100,1,"PBH>=15.0cm",NA,"private",65.06,43,"Atlantic_Forest","FES","FES-Al","primary/secondary",NA,NA,2008,1904,48,"/home/danilo/Documentos/Doutorado/artigo_mestrado/paisagens_atualizadas/ref664_NA_1024.tif",0.0999999999999999,"laplace","2",1904,2.29174624257053,7.6454503404533,0.1006451246377,0.00712699
"664","1024","/home/danilo/Documentos/Doutorado/artigo_mestrado/1A.P_MOVER/simulacao/ref664_NA_1024.txt","RScach2","yes","ok NAB digitado! Checado","precisa","parcelas","RS","contiguous",100,1,"PBH>=15.0cm",NA,"private",65.06,43,"Atlantic_Forest","FES","FES-Al","primary/secondary",NA,NA,2008,1904,48,"/home/danilo/Documentos/Doutorado/artigo_mestrado/paisagens_atualizadas/ref664_NA_1024.tif",0.0999999999999999,"laplace","2",1904,2.29174624257053,7.6454503404533,0.1006451246377,0.00732663
"677","1040","/home/danilo/Documentos/Doutorado/artigo_mestrado/1A.P_MOVER/simulacao/ref677_NA_1040.txt","RSpet1","yes","ok NAB digitado! Checado","boa","parcelas","RS","contiguous",100,1,"PBH>=15.0cm",17491,"UC Protecao Integral",17491,17491,"Atlantic_Forest","FES",NA,"primary",NA,NA,2008,827,70,"/home/danilo/Documentos/Doutorado/artigo_mestrado/paisagens_atualizadas/ref677_NA_1040.tif",0.0999999999999999,"laplace","2",827,3.4773407121036,11.448564125102,0.503541653643955,0.00296661
"677","1040","/home/danilo/Documentos/Doutorado/artigo_mestrado/1A.P_MOVER/simulacao/ref677_NA_1040.txt","RSpet1","yes","ok NAB digitado! Checado","boa","parcelas","RS","contiguous",100,1,"PBH>=15.0cm",17491,"UC Protecao Integral",17491,17491,"Atlantic_Forest","FES",NA,"primary",NA,NA,2008,827,70,"/home/danilo/Documentos/Doutorado/artigo_mestrado/paisagens_atualizadas/ref677_NA_1040.tif",0.0999999999999999,"laplace","2",827,3.4773407121036,11.448564125102,0.503541653643955,0.00329917
"677","1040","/home/danilo/Documentos/Doutorado/artigo_mestrado/1A.P_MOVER/simulacao/ref677_NA_1040.txt","RSpet1","yes","ok NAB digitado! Checado","boa","parcelas","RS","contiguous",100,1,"PBH>=15.0cm",17491,"UC Protecao Integral",17491,17491,"Atlantic_Forest","FES",NA,"primary",NA,NA,2008,827,70,"/home/danilo/Documentos/Doutorado/artigo_mestrado/paisagens_atualizadas/ref677_NA_1040.tif",0.0999999999999999,"laplace","2",827,3.4773407121036,11.448564125102,0.503541653643955,0.00319676
"677","1040","/home/danilo/Documentos/Doutorado/artigo_mestrado/1A.P_MOVER/simulacao/ref677_NA_1040.txt","RSpet1","yes","ok NAB digitado! Checado","boa","parcelas","RS","contiguous",100,1,"PBH>=15.0cm",17491,"UC Protecao Integral",17491,17491,"Atlantic_Forest","FES",NA,"primary",NA,NA,2008,827,70,"/home/danilo/Documentos/Doutorado/artigo_mestrado/paisagens_atualizadas/ref677_NA_1040.tif",0.0999999999999999,"laplace","2",827,3.4773407121036,11.448564125102,0.503541653643955,0.00292486
"677","1040","/home/danilo/Documentos/Doutorado/artigo_mestrado/1A.P_MOVER/simulacao/ref677_NA_1040.txt","RSpet1","yes","ok NAB digitado! Checado","boa","parcelas","RS","contiguous",100,1,"PBH>=15.0cm",17491,"UC Protecao Integral",17491,17491,"Atlantic_Forest","FES",NA,"primary",NA,NA,2008,827,70,"/home/danilo/Documentos/Doutorado/artigo_mestrado/paisagens_atualizadas/ref677_NA_1040.tif",0.0999999999999999,"laplace","2",827,3.4773407121036,11.448564125102,0.503541653643955,0.00308433
"677","1040","/home/danilo/Documentos/Doutorado/artigo_mestrado/1A.P_MOVER/simulacao/ref677_NA_1040.txt","RSpet1","yes","ok NAB digitado! Checado","boa","parcelas","RS","contiguous",100,1,"PBH>=15.0cm",17491,"UC Protecao Integral",17491,17491,"Atlantic_Forest","FES",NA,"primary",NA,NA,2008,827,70,"/home/danilo/Documentos/Doutorado/artigo_mestrado/paisagens_atualizadas/ref677_NA_1040.tif",0.0999999999999999,"laplace","2",827,3.4773407121036,11.448564125102,0.503541653643955,0.00298355
"677","1040","/home/danilo/Documentos/Doutorado/artigo_mestrado/1A.P_MOVER/simulacao/ref677_NA_1040.txt","RSpet1","yes","ok NAB digitado! Checado","boa","parcelas","RS","contiguous",100,1,"PBH>=15.0cm",17491,"UC Protecao Integral",17491,17491,"Atlantic_Forest","FES",NA,"primary",NA,NA,2008,827,70,"/home/danilo/Documentos/Doutorado/artigo_mestrado/paisagens_atualizadas/ref677_NA_1040.tif",0.0999999999999999,"laplace","2",827,3.4773407121036,11.448564125102,0.503541653643955,0.00312914
"677","1040","/home/danilo/Documentos/Doutorado/artigo_mestrado/1A.P_MOVER/simulacao/ref677_NA_1040.txt","RSpet1","yes","ok NAB digitado! Checado","boa","parcelas","RS","contiguous",100,1,"PBH>=15.0cm",17491,"UC Protecao Integral",17491,17491,"Atlantic_Forest","FES",NA,"primary",NA,NA,2008,827,70,"/home/danilo/Documentos/Doutorado/artigo_mestrado/paisagens_atualizadas/ref677_NA_1040.tif",0.0999999999999999,"laplace","2",827,3.4773407121036,11.448564125102,0.503541653643955,0.00302701
"677","1040","/home/danilo/Documentos/Doutorado/artigo_mestrado/1A.P_MOVER/simulacao/ref677_NA_1040.txt","RSpet1","yes","ok NAB digitado! Checado","boa","parcelas","RS","contiguous",100,1,"PBH>=15.0cm",17491,"UC Protecao Integral",17491,17491,"Atlantic_Forest","FES",NA,"primary",NA,NA,2008,827,70,"/home/danilo/Documentos/Doutorado/artigo_mestrado/paisagens_atualizadas/ref677_NA_1040.tif",0.0999999999999999,"laplace","2",827,3.4773407121036,11.448564125102,0.503541653643955,0.00320449
"677","1040","/home/danilo/Documentos/Doutorado/artigo_mestrado/1A.P_MOVER/simulacao/ref677_NA_1040.txt","RSpet1","yes","ok NAB digitado! Checado","boa","parcelas","RS","contiguous",100,1,"PBH>=15.0cm",17491,"UC Protecao Integral",17491,17491,"Atlantic_Forest","FES",NA,"primary",NA,NA,2008,827,70,"/home/danilo/Documentos/Doutorado/artigo_mestrado/paisagens_atualizadas/ref677_NA_1040.tif",0.0999999999999999,"laplace","2",827,3.4773407121036,11.448564125102,0.503541653643955,0.00286635
"678","1041","/home/danilo/Documentos/Doutorado/artigo_mestrado/1A.P_MOVER/simulacao/ref678_NA_1041.txt","RSsmar2","yes","ok N digitado! Checado","boa","parcelas","RS","contiguous",100,1,"PBH>=15.0cm",NA,"private",60,60,"Atlantic_Forest","FES",NA,"primary/secondary",NA,NA,2007,1427,58,"/home/danilo/Documentos/Doutorado/artigo_mestrado/paisagens_atualizadas/ref678_NA_1041.tif",0.0999999999999999,"laplace","2",1427,2.64720767589686,8.77986476943752,0.33390073404939,0.00282826
"678","1041","/home/danilo/Documentos/Doutorado/artigo_mestrado/1A.P_MOVER/simulacao/ref678_NA_1041.txt","RSsmar2","yes","ok N digitado! Checado","boa","parcelas","RS","contiguous",100,1,"PBH>=15.0cm",NA,"private",60,60,"Atlantic_Forest","FES",NA,"primary/secondary",NA,NA,2007,1427,58,"/home/danilo/Documentos/Doutorado/artigo_mestrado/paisagens_atualizadas/ref678_NA_1041.tif",0.0999999999999999,"laplace","2",1427,2.64720767589686,8.77986476943752,0.33390073404939,0.00301383
"678","1041","/home/danilo/Documentos/Doutorado/artigo_mestrado/1A.P_MOVER/simulacao/ref678_NA_1041.txt","RSsmar2","yes","ok N digitado! Checado","boa","parcelas","RS","contiguous",100,1,"PBH>=15.0cm",NA,"private",60,60,"Atlantic_Forest","FES",NA,"primary/secondary",NA,NA,2007,1427,58,"/home/danilo/Documentos/Doutorado/artigo_mestrado/paisagens_atualizadas/ref678_NA_1041.tif",0.0999999999999999,"laplace","2",1427,2.64720767589686,8.77986476943752,0.33390073404939,0.00276465
"678","1041","/home/danilo/Documentos/Doutorado/artigo_mestrado/1A.P_MOVER/simulacao/ref678_NA_1041.txt","RSsmar2","yes","ok N digitado! Checado","boa","parcelas","RS","contiguous",100,1,"PBH>=15.0cm",NA,"private",60,60,"Atlantic_Forest","FES",NA,"primary/secondary",NA,NA,2007,1427,58,"/home/danilo/Documentos/Doutorado/artigo_mestrado/paisagens_atualizadas/ref678_NA_1041.tif",0.0999999999999999,"laplace","2",1427,2.64720767589686,8.77986476943752,0.33390073404939,0.00285165
"678","1041","/home/danilo/Documentos/Doutorado/artigo_mestrado/1A.P_MOVER/simulacao/ref678_NA_1041.txt","RSsmar2","yes","ok N digitado! Checado","boa","parcelas","RS","contiguous",100,1,"PBH>=15.0cm",NA,"private",60,60,"Atlantic_Forest","FES",NA,"primary/secondary",NA,NA,2007,1427,58,"/home/danilo/Documentos/Doutorado/artigo_mestrado/paisagens_atualizadas/ref678_NA_1041.tif",0.0999999999999999,"laplace","2",1427,2.64720767589686,8.77986476943752,0.33390073404939,0.00269025
"678","1041","/home/danilo/Documentos/Doutorado/artigo_mestrado/1A.P_MOVER/simulacao/ref678_NA_1041.txt","RSsmar2","yes","ok N digitado! Checado","boa","parcelas","RS","contiguous",100,1,"PBH>=15.0cm",NA,"private",60,60,"Atlantic_Forest","FES",NA,"primary/secondary",NA,NA,2007,1427,58,"/home/danilo/Documentos/Doutorado/artigo_mestrado/paisagens_atualizadas/ref678_NA_1041.tif",0.0999999999999999,"laplace","2",1427,2.64720767589686,8.77986476943752,0.33390073404939,0.00303681
"678","1041","/home/danilo/Documentos/Doutorado/artigo_mestrado/1A.P_MOVER/simulacao/ref678_NA_1041.txt","RSsmar2","yes","ok N digitado! Checado","boa","parcelas","RS","contiguous",100,1,"PBH>=15.0cm",NA,"private",60,60,"Atlantic_Forest","FES",NA,"primary/secondary",NA,NA,2007,1427,58,"/home/danilo/Documentos/Doutorado/artigo_mestrado/paisagens_atualizadas/ref678_NA_1041.tif",0.0999999999999999,"laplace","2",1427,2.64720767589686,8.77986476943752,0.33390073404939,0.0027021
"678","1041","/home/danilo/Documentos/Doutorado/artigo_mestrado/1A.P_MOVER/simulacao/ref678_NA_1041.txt","RSsmar2","yes","ok N digitado! Checado","boa","parcelas","RS","contiguous",100,1,"PBH>=15.0cm",NA,"private",60,60,"Atlantic_Forest","FES",NA,"primary/secondary",NA,NA,2007,1427,58,"/home/danilo/Documentos/Doutorado/artigo_mestrado/paisagens_atualizadas/ref678_NA_1041.tif",0.0999999999999999,"laplace","2",1427,2.64720767589686,8.77986476943752,0.33390073404939,0.00279701
"678","1041","/home/danilo/Documentos/Doutorado/artigo_mestrado/1A.P_MOVER/simulacao/ref678_NA_1041.txt","RSsmar2","yes","ok N digitado! Checado","boa","parcelas","RS","contiguous",100,1,"PBH>=15.0cm",NA,"private",60,60,"Atlantic_Forest","FES",NA,"primary/secondary",NA,NA,2007,1427,58,"/home/danilo/Documentos/Doutorado/artigo_mestrado/paisagens_atualizadas/ref678_NA_1041.tif",0.0999999999999999,"laplace","2",1427,2.64720767589686,8.77986476943752,0.33390073404939,0.00286219
"678","1041","/home/danilo/Documentos/Doutorado/artigo_mestrado/1A.P_MOVER/simulacao/ref678_NA_1041.txt","RSsmar2","yes","ok N digitado! Checado","boa","parcelas","RS","contiguous",100,1,"PBH>=15.0cm",NA,"private",60,60,"Atlantic_Forest","FES",NA,"primary/secondary",NA,NA,2007,1427,58,"/home/danilo/Documentos/Doutorado/artigo_mestrado/paisagens_atualizadas/ref678_NA_1041.tif",0.0999999999999999,"laplace","2",1427,2.64720767589686,8.77986476943752,0.33390073404939,0.00272144
"684","1047","/home/danilo/Documentos/Doutorado/artigo_mestrado/1A.P_MOVER/simulacao/ref684_NA_1047.txt","RSmorr1","yes","ok NAB digitado! Checado","boa","parcelas","RS","contiguous",100,1,"DBH>=5.0cm&H>500cm",NA,"private",33861.75,NA,"Atlantic_Forest","FOD","FODSm","primary",NA,"1992",1994,2822,114,"/home/danilo/Documentos/Doutorado/artigo_mestrado/paisagens_atualizadas/ref684_NA_1047.tif",0.0999999999999999,"laplace","2",2822,1.88244152874464,6.27699171302228,0.551502407386397,0.00385496
"684","1047","/home/danilo/Documentos/Doutorado/artigo_mestrado/1A.P_MOVER/simulacao/ref684_NA_1047.txt","RSmorr1","yes","ok NAB digitado! Checado","boa","parcelas","RS","contiguous",100,1,"DBH>=5.0cm&H>500cm",NA,"private",33861.75,NA,"Atlantic_Forest","FOD","FODSm","primary",NA,"1992",1994,2822,114,"/home/danilo/Documentos/Doutorado/artigo_mestrado/paisagens_atualizadas/ref684_NA_1047.tif",0.0999999999999999,"laplace","2",2822,1.88244152874464,6.27699171302228,0.551502407386397,0.00355683
"684","1047","/home/danilo/Documentos/Doutorado/artigo_mestrado/1A.P_MOVER/simulacao/ref684_NA_1047.txt","RSmorr1","yes","ok NAB digitado! Checado","boa","parcelas","RS","contiguous",100,1,"DBH>=5.0cm&H>500cm",NA,"private",33861.75,NA,"Atlantic_Forest","FOD","FODSm","primary",NA,"1992",1994,2822,114,"/home/danilo/Documentos/Doutorado/artigo_mestrado/paisagens_atualizadas/ref684_NA_1047.tif",0.0999999999999999,"laplace","2",2822,1.88244152874464,6.27699171302228,0.551502407386397,0.00382902
"684","1047","/home/danilo/Documentos/Doutorado/artigo_mestrado/1A.P_MOVER/simulacao/ref684_NA_1047.txt","RSmorr1","yes","ok NAB digitado! Checado","boa","parcelas","RS","contiguous",100,1,"DBH>=5.0cm&H>500cm",NA,"private",33861.75,NA,"Atlantic_Forest","FOD","FODSm","primary",NA,"1992",1994,2822,114,"/home/danilo/Documentos/Doutorado/artigo_mestrado/paisagens_atualizadas/ref684_NA_1047.tif",0.0999999999999999,"laplace","2",2822,1.88244152874464,6.27699171302228,0.551502407386397,0.00360462
"684","1047","/home/danilo/Documentos/Doutorado/artigo_mestrado/1A.P_MOVER/simulacao/ref684_NA_1047.txt","RSmorr1","yes","ok NAB digitado! Checado","boa","parcelas","RS","contiguous",100,1,"DBH>=5.0cm&H>500cm",NA,"private",33861.75,NA,"Atlantic_Forest","FOD","FODSm","primary",NA,"1992",1994,2822,114,"/home/danilo/Documentos/Doutorado/artigo_mestrado/paisagens_atualizadas/ref684_NA_1047.tif",0.0999999999999999,"laplace","2",2822,1.88244152874464,6.27699171302228,0.551502407386397,0.00357141
"684","1047","/home/danilo/Documentos/Doutorado/artigo_mestrado/1A.P_MOVER/simulacao/ref684_NA_1047.txt","RSmorr1","yes","ok NAB digitado! Checado","boa","parcelas","RS","contiguous",100,1,"DBH>=5.0cm&H>500cm",NA,"private",33861.75,NA,"Atlantic_Forest","FOD","FODSm","primary",NA,"1992",1994,2822,114,"/home/danilo/Documentos/Doutorado/artigo_mestrado/paisagens_atualizadas/ref684_NA_1047.tif",0.0999999999999999,"laplace","2",2822,1.88244152874464,6.27699171302228,0.551502407386397,0.00368773
"684","1047","/home/danilo/Documentos/Doutorado/artigo_mestrado/1A.P_MOVER/simulacao/ref684_NA_1047.txt","RSmorr1","yes","ok NAB digitado! Checado","boa","parcelas","RS","contiguous",100,1,"DBH>=5.0cm&H>500cm",NA,"private",33861.75,NA,"Atlantic_Forest","FOD","FODSm","primary",NA,"1992",1994,2822,114,"/home/danilo/Documentos/Doutorado/artigo_mestrado/paisagens_atualizadas/ref684_NA_1047.tif",0.0999999999999999,"laplace","2",2822,1.88244152874464,6.27699171302228,0.551502407386397,0.00376334
"684","1047","/home/danilo/Documentos/Doutorado/artigo_mestrado/1A.P_MOVER/simulacao/ref684_NA_1047.txt","RSmorr1","yes","ok NAB digitado! Checado","boa","parcelas","RS","contiguous",100,1,"DBH>=5.0cm&H>500cm",NA,"private",33861.75,NA,"Atlantic_Forest","FOD","FODSm","primary",NA,"1992",1994,2822,114,"/home/danilo/Documentos/Doutorado/artigo_mestrado/paisagens_atualizadas/ref684_NA_1047.tif",0.0999999999999999,"laplace","2",2822,1.88244152874464,6.27699171302228,0.551502407386397,0.00360844
"684","1047","/home/danilo/Documentos/Doutorado/artigo_mestrado/1A.P_MOVER/simulacao/ref684_NA_1047.txt","RSmorr1","yes","ok NAB digitado! Checado","boa","parcelas","RS","contiguous",100,1,"DBH>=5.0cm&H>500cm",NA,"private",33861.75,NA,"Atlantic_Forest","FOD","FODSm","primary",NA,"1992",1994,2822,114,"/home/danilo/Documentos/Doutorado/artigo_mestrado/paisagens_atualizadas/ref684_NA_1047.tif",0.0999999999999999,"laplace","2",2822,1.88244152874464,6.27699171302228,0.551502407386397,0.00381993
"684","1047","/home/danilo/Documentos/Doutorado/artigo_mestrado/1A.P_MOVER/simulacao/ref684_NA_1047.txt","RSmorr1","yes","ok NAB digitado! Checado","boa","parcelas","RS","contiguous",100,1,"DBH>=5.0cm&H>500cm",NA,"private",33861.75,NA,"Atlantic_Forest","FOD","FODSm","primary",NA,"1992",1994,2822,114,"/home/danilo/Documentos/Doutorado/artigo_mestrado/paisagens_atualizadas/ref684_NA_1047.tif",0.0999999999999999,"laplace","2",2822,1.88244152874464,6.27699171302228,0.551502407386397,0.00371093
"707","1073","/home/danilo/Documentos/Doutorado/artigo_mestrado/1A.P_MOVER/simulacao/ref707_NA_1073.txt","RScris","yes","ok NAB digitado! Checado","precisa","parcelas","RS","contiguous",100,1,"DBH>=5.0cm",NA,"private",264.96,4800,"Atlantic_Forest","FES",NA,"primary/secondary",NA,NA,2008,2179,29,"/home/danilo/Documentos/Doutorado/artigo_mestrado/paisagens_atualizadas/ref707_NA_1073.tif",0.0999999999999999,"laplace","2",2179,2.14225608388872,7.08874760702972,0.184125710253332,0.00101617
"707","1073","/home/danilo/Documentos/Doutorado/artigo_mestrado/1A.P_MOVER/simulacao/ref707_NA_1073.txt","RScris","yes","ok NAB digitado! Checado","precisa","parcelas","RS","contiguous",100,1,"DBH>=5.0cm",NA,"private",264.96,4800,"Atlantic_Forest","FES",NA,"primary/secondary",NA,NA,2008,2179,29,"/home/danilo/Documentos/Doutorado/artigo_mestrado/paisagens_atualizadas/ref707_NA_1073.tif",0.0999999999999999,"laplace","2",2179,2.14225608388872,7.08874760702972,0.184125710253332,0.00106588
"707","1073","/home/danilo/Documentos/Doutorado/artigo_mestrado/1A.P_MOVER/simulacao/ref707_NA_1073.txt","RScris","yes","ok NAB digitado! Checado","precisa","parcelas","RS","contiguous",100,1,"DBH>=5.0cm",NA,"private",264.96,4800,"Atlantic_Forest","FES",NA,"primary/secondary",NA,NA,2008,2179,29,"/home/danilo/Documentos/Doutorado/artigo_mestrado/paisagens_atualizadas/ref707_NA_1073.tif",0.0999999999999999,"laplace","2",2179,2.14225608388872,7.08874760702972,0.184125710253332,0.00102446
"707","1073","/home/danilo/Documentos/Doutorado/artigo_mestrado/1A.P_MOVER/simulacao/ref707_NA_1073.txt","RScris","yes","ok NAB digitado! Checado","precisa","parcelas","RS","contiguous",100,1,"DBH>=5.0cm",NA,"private",264.96,4800,"Atlantic_Forest","FES",NA,"primary/secondary",NA,NA,2008,2179,29,"/home/danilo/Documentos/Doutorado/artigo_mestrado/paisagens_atualizadas/ref707_NA_1073.tif",0.0999999999999999,"laplace","2",2179,2.14225608388872,7.08874760702972,0.184125710253332,0.00104951
"707","1073","/home/danilo/Documentos/Doutorado/artigo_mestrado/1A.P_MOVER/simulacao/ref707_NA_1073.txt","RScris","yes","ok NAB digitado! Checado","precisa","parcelas","RS","contiguous",100,1,"DBH>=5.0cm",NA,"private",264.96,4800,"Atlantic_Forest","FES",NA,"primary/secondary",NA,NA,2008,2179,29,"/home/danilo/Documentos/Doutorado/artigo_mestrado/paisagens_atualizadas/ref707_NA_1073.tif",0.0999999999999999,"laplace","2",2179,2.14225608388872,7.08874760702972,0.184125710253332,0.00105914
"707","1073","/home/danilo/Documentos/Doutorado/artigo_mestrado/1A.P_MOVER/simulacao/ref707_NA_1073.txt","RScris","yes","ok NAB digitado! Checado","precisa","parcelas","RS","contiguous",100,1,"DBH>=5.0cm",NA,"private",264.96,4800,"Atlantic_Forest","FES",NA,"primary/secondary",NA,NA,2008,2179,29,"/home/danilo/Documentos/Doutorado/artigo_mestrado/paisagens_atualizadas/ref707_NA_1073.tif",0.0999999999999999,"laplace","2",2179,2.14225608388872,7.08874760702972,0.184125710253332,0.00102633
"707","1073","/home/danilo/Documentos/Doutorado/artigo_mestrado/1A.P_MOVER/simulacao/ref707_NA_1073.txt","RScris","yes","ok NAB digitado! Checado","precisa","parcelas","RS","contiguous",100,1,"DBH>=5.0cm",NA,"private",264.96,4800,"Atlantic_Forest","FES",NA,"primary/secondary",NA,NA,2008,2179,29,"/home/danilo/Documentos/Doutorado/artigo_mestrado/paisagens_atualizadas/ref707_NA_1073.tif",0.0999999999999999,"laplace","2",2179,2.14225608388872,7.08874760702972,0.184125710253332,0.00103531
"707","1073","/home/danilo/Documentos/Doutorado/artigo_mestrado/1A.P_MOVER/simulacao/ref707_NA_1073.txt","RScris","yes","ok NAB digitado! Checado","precisa","parcelas","RS","contiguous",100,1,"DBH>=5.0cm",NA,"private",264.96,4800,"Atlantic_Forest","FES",NA,"primary/secondary",NA,NA,2008,2179,29,"/home/danilo/Documentos/Doutorado/artigo_mestrado/paisagens_atualizadas/ref707_NA_1073.tif",0.0999999999999999,"laplace","2",2179,2.14225608388872,7.08874760702972,0.184125710253332,0.00105212
"707","1073","/home/danilo/Documentos/Doutorado/artigo_mestrado/1A.P_MOVER/simulacao/ref707_NA_1073.txt","RScris","yes","ok NAB digitado! Checado","precisa","parcelas","RS","contiguous",100,1,"DBH>=5.0cm",NA,"private",264.96,4800,"Atlantic_Forest","FES",NA,"primary/secondary",NA,NA,2008,2179,29,"/home/danilo/Documentos/Doutorado/artigo_mestrado/paisagens_atualizadas/ref707_NA_1073.tif",0.0999999999999999,"laplace","2",2179,2.14225608388872,7.08874760702972,0.184125710253332,0.00104153
"707","1073","/home/danilo/Documentos/Doutorado/artigo_mestrado/1A.P_MOVER/simulacao/ref707_NA_1073.txt","RScris","yes","ok NAB digitado! Checado","precisa","parcelas","RS","contiguous",100,1,"DBH>=5.0cm",NA,"private",264.96,4800,"Atlantic_Forest","FES",NA,"primary/secondary",NA,NA,2008,2179,29,"/home/danilo/Documentos/Doutorado/artigo_mestrado/paisagens_atualizadas/ref707_NA_1073.tif",0.0999999999999999,"laplace","2",2179,2.14225608388872,7.08874760702972,0.184125710253332,0.00107423
"70","81","/home/danilo/Documentos/Doutorado/artigo_mestrado/1A.P_MOVER/simulacao/ref70_NA_81.txt","MGlavr3","yes","ok NAB digitado! Checado","precisa","parcelas","MG","contiguous/systematic",80,2.4,"PBH>=15.7cm",235,"UC Protecao Integral",138.03,74.4,"Atlantic_Forest","FES","FESAm","primary/secondary",NA,"2001",2004,4137,384,"/home/danilo/Documentos/Doutorado/artigo_mestrado/paisagens_atualizadas/ref70_NA_81.tif",0.0999999999999999,"laplace","2",1723.75,2.40858989736549,8.07566566752105,0.083246842662337,0.0234309
"70","81","/home/danilo/Documentos/Doutorado/artigo_mestrado/1A.P_MOVER/simulacao/ref70_NA_81.txt","MGlavr3","yes","ok NAB digitado! Checado","precisa","parcelas","MG","contiguous/systematic",80,2.4,"PBH>=15.7cm",235,"UC Protecao Integral",138.03,74.4,"Atlantic_Forest","FES","FESAm","primary/secondary",NA,"2001",2004,4137,384,"/home/danilo/Documentos/Doutorado/artigo_mestrado/paisagens_atualizadas/ref70_NA_81.tif",0.0999999999999999,"laplace","2",1723.75,2.40858989736549,8.07566566752105,0.083246842662337,0.0233194
"70","81","/home/danilo/Documentos/Doutorado/artigo_mestrado/1A.P_MOVER/simulacao/ref70_NA_81.txt","MGlavr3","yes","ok NAB digitado! Checado","precisa","parcelas","MG","contiguous/systematic",80,2.4,"PBH>=15.7cm",235,"UC Protecao Integral",138.03,74.4,"Atlantic_Forest","FES","FESAm","primary/secondary",NA,"2001",2004,4137,384,"/home/danilo/Documentos/Doutorado/artigo_mestrado/paisagens_atualizadas/ref70_NA_81.tif",0.0999999999999999,"laplace","2",1723.75,2.40858989736549,8.07566566752105,0.083246842662337,0.0233779
"70","81","/home/danilo/Documentos/Doutorado/artigo_mestrado/1A.P_MOVER/simulacao/ref70_NA_81.txt","MGlavr3","yes","ok NAB digitado! Checado","precisa","parcelas","MG","contiguous/systematic",80,2.4,"PBH>=15.7cm",235,"UC Protecao Integral",138.03,74.4,"Atlantic_Forest","FES","FESAm","primary/secondary",NA,"2001",2004,4137,384,"/home/danilo/Documentos/Doutorado/artigo_mestrado/paisagens_atualizadas/ref70_NA_81.tif",0.0999999999999999,"laplace","2",1723.75,2.40858989736549,8.07566566752105,0.083246842662337,0.0231722
"70","81","/home/danilo/Documentos/Doutorado/artigo_mestrado/1A.P_MOVER/simulacao/ref70_NA_81.txt","MGlavr3","yes","ok NAB digitado! Checado","precisa","parcelas","MG","contiguous/systematic",80,2.4,"PBH>=15.7cm",235,"UC Protecao Integral",138.03,74.4,"Atlantic_Forest","FES","FESAm","primary/secondary",NA,"2001",2004,4137,384,"/home/danilo/Documentos/Doutorado/artigo_mestrado/paisagens_atualizadas/ref70_NA_81.tif",0.0999999999999999,"laplace","2",1723.75,2.40858989736549,8.07566566752105,0.083246842662337,0.0230896
"70","81","/home/danilo/Documentos/Doutorado/artigo_mestrado/1A.P_MOVER/simulacao/ref70_NA_81.txt","MGlavr3","yes","ok NAB digitado! Checado","precisa","parcelas","MG","contiguous/systematic",80,2.4,"PBH>=15.7cm",235,"UC Protecao Integral",138.03,74.4,"Atlantic_Forest","FES","FESAm","primary/secondary",NA,"2001",2004,4137,384,"/home/danilo/Documentos/Doutorado/artigo_mestrado/paisagens_atualizadas/ref70_NA_81.tif",0.0999999999999999,"laplace","2",1723.75,2.40858989736549,8.07566566752105,0.083246842662337,0.023312
"70","81","/home/danilo/Documentos/Doutorado/artigo_mestrado/1A.P_MOVER/simulacao/ref70_NA_81.txt","MGlavr3","yes","ok NAB digitado! Checado","precisa","parcelas","MG","contiguous/systematic",80,2.4,"PBH>=15.7cm",235,"UC Protecao Integral",138.03,74.4,"Atlantic_Forest","FES","FESAm","primary/secondary",NA,"2001",2004,4137,384,"/home/danilo/Documentos/Doutorado/artigo_mestrado/paisagens_atualizadas/ref70_NA_81.tif",0.0999999999999999,"laplace","2",1723.75,2.40858989736549,8.07566566752105,0.083246842662337,0.0231
"70","81","/home/danilo/Documentos/Doutorado/artigo_mestrado/1A.P_MOVER/simulacao/ref70_NA_81.txt","MGlavr3","yes","ok NAB digitado! Checado","precisa","parcelas","MG","contiguous/systematic",80,2.4,"PBH>=15.7cm",235,"UC Protecao Integral",138.03,74.4,"Atlantic_Forest","FES","FESAm","primary/secondary",NA,"2001",2004,4137,384,"/home/danilo/Documentos/Doutorado/artigo_mestrado/paisagens_atualizadas/ref70_NA_81.tif",0.0999999999999999,"laplace","2",1723.75,2.40858989736549,8.07566566752105,0.083246842662337,0.0231113
"70","81","/home/danilo/Documentos/Doutorado/artigo_mestrado/1A.P_MOVER/simulacao/ref70_NA_81.txt","MGlavr3","yes","ok NAB digitado! Checado","precisa","parcelas","MG","contiguous/systematic",80,2.4,"PBH>=15.7cm",235,"UC Protecao Integral",138.03,74.4,"Atlantic_Forest","FES","FESAm","primary/secondary",NA,"2001",2004,4137,384,"/home/danilo/Documentos/Doutorado/artigo_mestrado/paisagens_atualizadas/ref70_NA_81.tif",0.0999999999999999,"laplace","2",1723.75,2.40858989736549,8.07566566752105,0.083246842662337,0.0233083
"70","81","/home/danilo/Documentos/Doutorado/artigo_mestrado/1A.P_MOVER/simulacao/ref70_NA_81.txt","MGlavr3","yes","ok NAB digitado! Checado","precisa","parcelas","MG","contiguous/systematic",80,2.4,"PBH>=15.7cm",235,"UC Protecao Integral",138.03,74.4,"Atlantic_Forest","FES","FESAm","primary/secondary",NA,"2001",2004,4137,384,"/home/danilo/Documentos/Doutorado/artigo_mestrado/paisagens_atualizadas/ref70_NA_81.tif",0.0999999999999999,"laplace","2",1723.75,2.40858989736549,8.07566566752105,0.083246842662337,0.0232865
"740","1123","/home/danilo/Documentos/Doutorado/artigo_mestrado/1A.P_MOVER/simulacao/ref740_NA_1123.txt","RSsetape","yes","ok NAB digitado! Checado","boa","parcelas","RS","contiguous",100,1,"DBH>=5.0cm",NA,"private",1367.02,100,"Atlantic_Forest","FOD",NA,"primary",NA,"1999",2001,1733,45,"/home/danilo/Documentos/Doutorado/artigo_mestrado/paisagens_atualizadas/ref740_NA_1123.tif",0.0999999999999999,"laplace","2",1733,2.40215329446032,7.96222971738126,0.383683934562827,0.00218958
"740","1123","/home/danilo/Documentos/Doutorado/artigo_mestrado/1A.P_MOVER/simulacao/ref740_NA_1123.txt","RSsetape","yes","ok NAB digitado! Checado","boa","parcelas","RS","contiguous",100,1,"DBH>=5.0cm",NA,"private",1367.02,100,"Atlantic_Forest","FOD",NA,"primary",NA,"1999",2001,1733,45,"/home/danilo/Documentos/Doutorado/artigo_mestrado/paisagens_atualizadas/ref740_NA_1123.tif",0.0999999999999999,"laplace","2",1733,2.40215329446032,7.96222971738126,0.383683934562827,0.00214171
"740","1123","/home/danilo/Documentos/Doutorado/artigo_mestrado/1A.P_MOVER/simulacao/ref740_NA_1123.txt","RSsetape","yes","ok NAB digitado! Checado","boa","parcelas","RS","contiguous",100,1,"DBH>=5.0cm",NA,"private",1367.02,100,"Atlantic_Forest","FOD",NA,"primary",NA,"1999",2001,1733,45,"/home/danilo/Documentos/Doutorado/artigo_mestrado/paisagens_atualizadas/ref740_NA_1123.tif",0.0999999999999999,"laplace","2",1733,2.40215329446032,7.96222971738126,0.383683934562827,0.00212274
"740","1123","/home/danilo/Documentos/Doutorado/artigo_mestrado/1A.P_MOVER/simulacao/ref740_NA_1123.txt","RSsetape","yes","ok NAB digitado! Checado","boa","parcelas","RS","contiguous",100,1,"DBH>=5.0cm",NA,"private",1367.02,100,"Atlantic_Forest","FOD",NA,"primary",NA,"1999",2001,1733,45,"/home/danilo/Documentos/Doutorado/artigo_mestrado/paisagens_atualizadas/ref740_NA_1123.tif",0.0999999999999999,"laplace","2",1733,2.40215329446032,7.96222971738126,0.383683934562827,0.00220645
"740","1123","/home/danilo/Documentos/Doutorado/artigo_mestrado/1A.P_MOVER/simulacao/ref740_NA_1123.txt","RSsetape","yes","ok NAB digitado! Checado","boa","parcelas","RS","contiguous",100,1,"DBH>=5.0cm",NA,"private",1367.02,100,"Atlantic_Forest","FOD",NA,"primary",NA,"1999",2001,1733,45,"/home/danilo/Documentos/Doutorado/artigo_mestrado/paisagens_atualizadas/ref740_NA_1123.tif",0.0999999999999999,"laplace","2",1733,2.40215329446032,7.96222971738126,0.383683934562827,0.00233383
"740","1123","/home/danilo/Documentos/Doutorado/artigo_mestrado/1A.P_MOVER/simulacao/ref740_NA_1123.txt","RSsetape","yes","ok NAB digitado! Checado","boa","parcelas","RS","contiguous",100,1,"DBH>=5.0cm",NA,"private",1367.02,100,"Atlantic_Forest","FOD",NA,"primary",NA,"1999",2001,1733,45,"/home/danilo/Documentos/Doutorado/artigo_mestrado/paisagens_atualizadas/ref740_NA_1123.tif",0.0999999999999999,"laplace","2",1733,2.40215329446032,7.96222971738126,0.383683934562827,0.00204719
"740","1123","/home/danilo/Documentos/Doutorado/artigo_mestrado/1A.P_MOVER/simulacao/ref740_NA_1123.txt","RSsetape","yes","ok NAB digitado! Checado","boa","parcelas","RS","contiguous",100,1,"DBH>=5.0cm",NA,"private",1367.02,100,"Atlantic_Forest","FOD",NA,"primary",NA,"1999",2001,1733,45,"/home/danilo/Documentos/Doutorado/artigo_mestrado/paisagens_atualizadas/ref740_NA_1123.tif",0.0999999999999999,"laplace","2",1733,2.40215329446032,7.96222971738126,0.383683934562827,0.00218018
"740","1123","/home/danilo/Documentos/Doutorado/artigo_mestrado/1A.P_MOVER/simulacao/ref740_NA_1123.txt","RSsetape","yes","ok NAB digitado! Checado","boa","parcelas","RS","contiguous",100,1,"DBH>=5.0cm",NA,"private",1367.02,100,"Atlantic_Forest","FOD",NA,"primary",NA,"1999",2001,1733,45,"/home/danilo/Documentos/Doutorado/artigo_mestrado/paisagens_atualizadas/ref740_NA_1123.tif",0.0999999999999999,"laplace","2",1733,2.40215329446032,7.96222971738126,0.383683934562827,0.00203758
"740","1123","/home/danilo/Documentos/Doutorado/artigo_mestrado/1A.P_MOVER/simulacao/ref740_NA_1123.txt","RSsetape","yes","ok NAB digitado! Checado","boa","parcelas","RS","contiguous",100,1,"DBH>=5.0cm",NA,"private",1367.02,100,"Atlantic_Forest","FOD",NA,"primary",NA,"1999",2001,1733,45,"/home/danilo/Documentos/Doutorado/artigo_mestrado/paisagens_atualizadas/ref740_NA_1123.tif",0.0999999999999999,"laplace","2",1733,2.40215329446032,7.96222971738126,0.383683934562827,0.00221547
"740","1123","/home/danilo/Documentos/Doutorado/artigo_mestrado/1A.P_MOVER/simulacao/ref740_NA_1123.txt","RSsetape","yes","ok NAB digitado! Checado","boa","parcelas","RS","contiguous",100,1,"DBH>=5.0cm",NA,"private",1367.02,100,"Atlantic_Forest","FOD",NA,"primary",NA,"1999",2001,1733,45,"/home/danilo/Documentos/Doutorado/artigo_mestrado/paisagens_atualizadas/ref740_NA_1123.tif",0.0999999999999999,"laplace","2",1733,2.40215329446032,7.96222971738126,0.383683934562827,0.00216239
"741","1124","/home/danilo/Documentos/Doutorado/artigo_mestrado/1A.P_MOVER/simulacao/ref741_NA_1124.txt","RSsini","yes","ok NAB digitado! Checado","precisa","parcelas","RS","contiguous",100,1,"DBH>=4.8cm",221.39,"UC Uso Sustentavel",587.73,221.39,"Atlantic_Forest","FES",NA,"secondary",NA,NA,2010,1024,69,"/home/danilo/Documentos/Doutorado/artigo_mestrado/paisagens_atualizadas/ref741_NA_1124.tif",0.0999999999999999,"laplace","2",1024,3.125,10.3864363153882,0.704665713842132,0.00190338
"741","1124","/home/danilo/Documentos/Doutorado/artigo_mestrado/1A.P_MOVER/simulacao/ref741_NA_1124.txt","RSsini","yes","ok NAB digitado! Checado","precisa","parcelas","RS","contiguous",100,1,"DBH>=4.8cm",221.39,"UC Uso Sustentavel",587.73,221.39,"Atlantic_Forest","FES",NA,"secondary",NA,NA,2010,1024,69,"/home/danilo/Documentos/Doutorado/artigo_mestrado/paisagens_atualizadas/ref741_NA_1124.tif",0.0999999999999999,"laplace","2",1024,3.125,10.3864363153882,0.704665713842132,0.00186107
"741","1124","/home/danilo/Documentos/Doutorado/artigo_mestrado/1A.P_MOVER/simulacao/ref741_NA_1124.txt","RSsini","yes","ok NAB digitado! Checado","precisa","parcelas","RS","contiguous",100,1,"DBH>=4.8cm",221.39,"UC Uso Sustentavel",587.73,221.39,"Atlantic_Forest","FES",NA,"secondary",NA,NA,2010,1024,69,"/home/danilo/Documentos/Doutorado/artigo_mestrado/paisagens_atualizadas/ref741_NA_1124.tif",0.0999999999999999,"laplace","2",1024,3.125,10.3864363153882,0.704665713842132,0.00175
"741","1124","/home/danilo/Documentos/Doutorado/artigo_mestrado/1A.P_MOVER/simulacao/ref741_NA_1124.txt","RSsini","yes","ok NAB digitado! Checado","precisa","parcelas","RS","contiguous",100,1,"DBH>=4.8cm",221.39,"UC Uso Sustentavel",587.73,221.39,"Atlantic_Forest","FES",NA,"secondary",NA,NA,2010,1024,69,"/home/danilo/Documentos/Doutorado/artigo_mestrado/paisagens_atualizadas/ref741_NA_1124.tif",0.0999999999999999,"laplace","2",1024,3.125,10.3864363153882,0.704665713842132,0.00183747
"741","1124","/home/danilo/Documentos/Doutorado/artigo_mestrado/1A.P_MOVER/simulacao/ref741_NA_1124.txt","RSsini","yes","ok NAB digitado! Checado","precisa","parcelas","RS","contiguous",100,1,"DBH>=4.8cm",221.39,"UC Uso Sustentavel",587.73,221.39,"Atlantic_Forest","FES",NA,"secondary",NA,NA,2010,1024,69,"/home/danilo/Documentos/Doutorado/artigo_mestrado/paisagens_atualizadas/ref741_NA_1124.tif",0.0999999999999999,"laplace","2",1024,3.125,10.3864363153882,0.704665713842132,0.00207289
"741","1124","/home/danilo/Documentos/Doutorado/artigo_mestrado/1A.P_MOVER/simulacao/ref741_NA_1124.txt","RSsini","yes","ok NAB digitado! Checado","precisa","parcelas","RS","contiguous",100,1,"DBH>=4.8cm",221.39,"UC Uso Sustentavel",587.73,221.39,"Atlantic_Forest","FES",NA,"secondary",NA,NA,2010,1024,69,"/home/danilo/Documentos/Doutorado/artigo_mestrado/paisagens_atualizadas/ref741_NA_1124.tif",0.0999999999999999,"laplace","2",1024,3.125,10.3864363153882,0.704665713842132,0.00158342
"741","1124","/home/danilo/Documentos/Doutorado/artigo_mestrado/1A.P_MOVER/simulacao/ref741_NA_1124.txt","RSsini","yes","ok NAB digitado! Checado","precisa","parcelas","RS","contiguous",100,1,"DBH>=4.8cm",221.39,"UC Uso Sustentavel",587.73,221.39,"Atlantic_Forest","FES",NA,"secondary",NA,NA,2010,1024,69,"/home/danilo/Documentos/Doutorado/artigo_mestrado/paisagens_atualizadas/ref741_NA_1124.tif",0.0999999999999999,"laplace","2",1024,3.125,10.3864363153882,0.704665713842132,0.00186058
"741","1124","/home/danilo/Documentos/Doutorado/artigo_mestrado/1A.P_MOVER/simulacao/ref741_NA_1124.txt","RSsini","yes","ok NAB digitado! Checado","precisa","parcelas","RS","contiguous",100,1,"DBH>=4.8cm",221.39,"UC Uso Sustentavel",587.73,221.39,"Atlantic_Forest","FES",NA,"secondary",NA,NA,2010,1024,69,"/home/danilo/Documentos/Doutorado/artigo_mestrado/paisagens_atualizadas/ref741_NA_1124.tif",0.0999999999999999,"laplace","2",1024,3.125,10.3864363153882,0.704665713842132,0.00183138
"741","1124","/home/danilo/Documentos/Doutorado/artigo_mestrado/1A.P_MOVER/simulacao/ref741_NA_1124.txt","RSsini","yes","ok NAB digitado! Checado","precisa","parcelas","RS","contiguous",100,1,"DBH>=4.8cm",221.39,"UC Uso Sustentavel",587.73,221.39,"Atlantic_Forest","FES",NA,"secondary",NA,NA,2010,1024,69,"/home/danilo/Documentos/Doutorado/artigo_mestrado/paisagens_atualizadas/ref741_NA_1124.tif",0.0999999999999999,"laplace","2",1024,3.125,10.3864363153882,0.704665713842132,0.00178166
"741","1124","/home/danilo/Documentos/Doutorado/artigo_mestrado/1A.P_MOVER/simulacao/ref741_NA_1124.txt","RSsini","yes","ok NAB digitado! Checado","precisa","parcelas","RS","contiguous",100,1,"DBH>=4.8cm",221.39,"UC Uso Sustentavel",587.73,221.39,"Atlantic_Forest","FES",NA,"secondary",NA,NA,2010,1024,69,"/home/danilo/Documentos/Doutorado/artigo_mestrado/paisagens_atualizadas/ref741_NA_1124.tif",0.0999999999999999,"laplace","2",1024,3.125,10.3864363153882,0.704665713842132,0.00181773
"76","87","/home/danilo/Documentos/Doutorado/artigo_mestrado/1A.P_MOVER/simulacao/ref76_NA_87.txt","MGuberl1","yes","ok NAB digitado! Checado","precisa","parcelas","MG","contiguous",110,1.1,"PBH>=15.0cm",NA,"private",14.01,NA,"Atlantic_Forest","FAl",NA,"secondary",NA,NA,2010,1393,89,"/home/danilo/Documentos/Doutorado/artigo_mestrado/paisagens_atualizadas/ref76_NA_87.tif",0.0999999999999999,"laplace","2",1266.36363636364,2.81009359044823,9.3769238499197,0.63665358203633,0.00620563
"76","87","/home/danilo/Documentos/Doutorado/artigo_mestrado/1A.P_MOVER/simulacao/ref76_NA_87.txt","MGuberl1","yes","ok NAB digitado! Checado","precisa","parcelas","MG","contiguous",110,1.1,"PBH>=15.0cm",NA,"private",14.01,NA,"Atlantic_Forest","FAl",NA,"secondary",NA,NA,2010,1393,89,"/home/danilo/Documentos/Doutorado/artigo_mestrado/paisagens_atualizadas/ref76_NA_87.tif",0.0999999999999999,"laplace","2",1266.36363636364,2.81009359044823,9.3769238499197,0.63665358203633,0.00577373
"76","87","/home/danilo/Documentos/Doutorado/artigo_mestrado/1A.P_MOVER/simulacao/ref76_NA_87.txt","MGuberl1","yes","ok NAB digitado! Checado","precisa","parcelas","MG","contiguous",110,1.1,"PBH>=15.0cm",NA,"private",14.01,NA,"Atlantic_Forest","FAl",NA,"secondary",NA,NA,2010,1393,89,"/home/danilo/Documentos/Doutorado/artigo_mestrado/paisagens_atualizadas/ref76_NA_87.tif",0.0999999999999999,"laplace","2",1266.36363636364,2.81009359044823,9.3769238499197,0.63665358203633,0.00616688
"76","87","/home/danilo/Documentos/Doutorado/artigo_mestrado/1A.P_MOVER/simulacao/ref76_NA_87.txt","MGuberl1","yes","ok NAB digitado! Checado","precisa","parcelas","MG","contiguous",110,1.1,"PBH>=15.0cm",NA,"private",14.01,NA,"Atlantic_Forest","FAl",NA,"secondary",NA,NA,2010,1393,89,"/home/danilo/Documentos/Doutorado/artigo_mestrado/paisagens_atualizadas/ref76_NA_87.tif",0.0999999999999999,"laplace","2",1266.36363636364,2.81009359044823,9.3769238499197,0.63665358203633,0.00596028
"76","87","/home/danilo/Documentos/Doutorado/artigo_mestrado/1A.P_MOVER/simulacao/ref76_NA_87.txt","MGuberl1","yes","ok NAB digitado! Checado","precisa","parcelas","MG","contiguous",110,1.1,"PBH>=15.0cm",NA,"private",14.01,NA,"Atlantic_Forest","FAl",NA,"secondary",NA,NA,2010,1393,89,"/home/danilo/Documentos/Doutorado/artigo_mestrado/paisagens_atualizadas/ref76_NA_87.tif",0.0999999999999999,"laplace","2",1266.36363636364,2.81009359044823,9.3769238499197,0.63665358203633,0.00569186
"76","87","/home/danilo/Documentos/Doutorado/artigo_mestrado/1A.P_MOVER/simulacao/ref76_NA_87.txt","MGuberl1","yes","ok NAB digitado! Checado","precisa","parcelas","MG","contiguous",110,1.1,"PBH>=15.0cm",NA,"private",14.01,NA,"Atlantic_Forest","FAl",NA,"secondary",NA,NA,2010,1393,89,"/home/danilo/Documentos/Doutorado/artigo_mestrado/paisagens_atualizadas/ref76_NA_87.tif",0.0999999999999999,"laplace","2",1266.36363636364,2.81009359044823,9.3769238499197,0.63665358203633,0.00560003
"76","87","/home/danilo/Documentos/Doutorado/artigo_mestrado/1A.P_MOVER/simulacao/ref76_NA_87.txt","MGuberl1","yes","ok NAB digitado! Checado","precisa","parcelas","MG","contiguous",110,1.1,"PBH>=15.0cm",NA,"private",14.01,NA,"Atlantic_Forest","FAl",NA,"secondary",NA,NA,2010,1393,89,"/home/danilo/Documentos/Doutorado/artigo_mestrado/paisagens_atualizadas/ref76_NA_87.tif",0.0999999999999999,"laplace","2",1266.36363636364,2.81009359044823,9.3769238499197,0.63665358203633,0.00581484
"76","87","/home/danilo/Documentos/Doutorado/artigo_mestrado/1A.P_MOVER/simulacao/ref76_NA_87.txt","MGuberl1","yes","ok NAB digitado! Checado","precisa","parcelas","MG","contiguous",110,1.1,"PBH>=15.0cm",NA,"private",14.01,NA,"Atlantic_Forest","FAl",NA,"secondary",NA,NA,2010,1393,89,"/home/danilo/Documentos/Doutorado/artigo_mestrado/paisagens_atualizadas/ref76_NA_87.tif",0.0999999999999999,"laplace","2",1266.36363636364,2.81009359044823,9.3769238499197,0.63665358203633,0.00598875
"76","87","/home/danilo/Documentos/Doutorado/artigo_mestrado/1A.P_MOVER/simulacao/ref76_NA_87.txt","MGuberl1","yes","ok NAB digitado! Checado","precisa","parcelas","MG","contiguous",110,1.1,"PBH>=15.0cm",NA,"private",14.01,NA,"Atlantic_Forest","FAl",NA,"secondary",NA,NA,2010,1393,89,"/home/danilo/Documentos/Doutorado/artigo_mestrado/paisagens_atualizadas/ref76_NA_87.tif",0.0999999999999999,"laplace","2",1266.36363636364,2.81009359044823,9.3769238499197,0.63665358203633,0.00592217
"76","87","/home/danilo/Documentos/Doutorado/artigo_mestrado/1A.P_MOVER/simulacao/ref76_NA_87.txt","MGuberl1","yes","ok NAB digitado! Checado","precisa","parcelas","MG","contiguous",110,1.1,"PBH>=15.0cm",NA,"private",14.01,NA,"Atlantic_Forest","FAl",NA,"secondary",NA,NA,2010,1393,89,"/home/danilo/Documentos/Doutorado/artigo_mestrado/paisagens_atualizadas/ref76_NA_87.tif",0.0999999999999999,"laplace","2",1266.36363636364,2.81009359044823,9.3769238499197,0.63665358203633,0.00577047
"813","1230","/home/danilo/Documentos/Doutorado/artigo_mestrado/1A.P_MOVER/simulacao/ref813_NA_1230.txt","SCside","yes","ok NAB digitado! Checado","exata","parcelas","SC","contiguous",100,1,"DBH>=5.0cm",NA,"private",76187.58,450,"Atlantic_Forest","FOD","FODSm","primary",NA,NA,2009,1715,107,"/home/danilo/Documentos/Doutorado/artigo_mestrado/paisagens_atualizadas/ref813_NA_1230.tif",0.0999999999999999,"laplace","2",1715,2.41472644208148,7.99010713938584,0.637409255302749,0.0023189
"813","1230","/home/danilo/Documentos/Doutorado/artigo_mestrado/1A.P_MOVER/simulacao/ref813_NA_1230.txt","SCside","yes","ok NAB digitado! Checado","exata","parcelas","SC","contiguous",100,1,"DBH>=5.0cm",NA,"private",76187.58,450,"Atlantic_Forest","FOD","FODSm","primary",NA,NA,2009,1715,107,"/home/danilo/Documentos/Doutorado/artigo_mestrado/paisagens_atualizadas/ref813_NA_1230.tif",0.0999999999999999,"laplace","2",1715,2.41472644208148,7.99010713938584,0.637409255302749,0.00235277
"813","1230","/home/danilo/Documentos/Doutorado/artigo_mestrado/1A.P_MOVER/simulacao/ref813_NA_1230.txt","SCside","yes","ok NAB digitado! Checado","exata","parcelas","SC","contiguous",100,1,"DBH>=5.0cm",NA,"private",76187.58,450,"Atlantic_Forest","FOD","FODSm","primary",NA,NA,2009,1715,107,"/home/danilo/Documentos/Doutorado/artigo_mestrado/paisagens_atualizadas/ref813_NA_1230.tif",0.0999999999999999,"laplace","2",1715,2.41472644208148,7.99010713938584,0.637409255302749,0.00286283
"813","1230","/home/danilo/Documentos/Doutorado/artigo_mestrado/1A.P_MOVER/simulacao/ref813_NA_1230.txt","SCside","yes","ok NAB digitado! Checado","exata","parcelas","SC","contiguous",100,1,"DBH>=5.0cm",NA,"private",76187.58,450,"Atlantic_Forest","FOD","FODSm","primary",NA,NA,2009,1715,107,"/home/danilo/Documentos/Doutorado/artigo_mestrado/paisagens_atualizadas/ref813_NA_1230.tif",0.0999999999999999,"laplace","2",1715,2.41472644208148,7.99010713938584,0.637409255302749,0.00267908
"813","1230","/home/danilo/Documentos/Doutorado/artigo_mestrado/1A.P_MOVER/simulacao/ref813_NA_1230.txt","SCside","yes","ok NAB digitado! Checado","exata","parcelas","SC","contiguous",100,1,"DBH>=5.0cm",NA,"private",76187.58,450,"Atlantic_Forest","FOD","FODSm","primary",NA,NA,2009,1715,107,"/home/danilo/Documentos/Doutorado/artigo_mestrado/paisagens_atualizadas/ref813_NA_1230.tif",0.0999999999999999,"laplace","2",1715,2.41472644208148,7.99010713938584,0.637409255302749,0.00233783
"813","1230","/home/danilo/Documentos/Doutorado/artigo_mestrado/1A.P_MOVER/simulacao/ref813_NA_1230.txt","SCside","yes","ok NAB digitado! Checado","exata","parcelas","SC","contiguous",100,1,"DBH>=5.0cm",NA,"private",76187.58,450,"Atlantic_Forest","FOD","FODSm","primary",NA,NA,2009,1715,107,"/home/danilo/Documentos/Doutorado/artigo_mestrado/paisagens_atualizadas/ref813_NA_1230.tif",0.0999999999999999,"laplace","2",1715,2.41472644208148,7.99010713938584,0.637409255302749,0.00303548
"813","1230","/home/danilo/Documentos/Doutorado/artigo_mestrado/1A.P_MOVER/simulacao/ref813_NA_1230.txt","SCside","yes","ok NAB digitado! Checado","exata","parcelas","SC","contiguous",100,1,"DBH>=5.0cm",NA,"private",76187.58,450,"Atlantic_Forest","FOD","FODSm","primary",NA,NA,2009,1715,107,"/home/danilo/Documentos/Doutorado/artigo_mestrado/paisagens_atualizadas/ref813_NA_1230.tif",0.0999999999999999,"laplace","2",1715,2.41472644208148,7.99010713938584,0.637409255302749,0.00278892
"813","1230","/home/danilo/Documentos/Doutorado/artigo_mestrado/1A.P_MOVER/simulacao/ref813_NA_1230.txt","SCside","yes","ok NAB digitado! Checado","exata","parcelas","SC","contiguous",100,1,"DBH>=5.0cm",NA,"private",76187.58,450,"Atlantic_Forest","FOD","FODSm","primary",NA,NA,2009,1715,107,"/home/danilo/Documentos/Doutorado/artigo_mestrado/paisagens_atualizadas/ref813_NA_1230.tif",0.0999999999999999,"laplace","2",1715,2.41472644208148,7.99010713938584,0.637409255302749,0.00291913
"813","1230","/home/danilo/Documentos/Doutorado/artigo_mestrado/1A.P_MOVER/simulacao/ref813_NA_1230.txt","SCside","yes","ok NAB digitado! Checado","exata","parcelas","SC","contiguous",100,1,"DBH>=5.0cm",NA,"private",76187.58,450,"Atlantic_Forest","FOD","FODSm","primary",NA,NA,2009,1715,107,"/home/danilo/Documentos/Doutorado/artigo_mestrado/paisagens_atualizadas/ref813_NA_1230.tif",0.0999999999999999,"laplace","2",1715,2.41472644208148,7.99010713938584,0.637409255302749,0.0024675
"813","1230","/home/danilo/Documentos/Doutorado/artigo_mestrado/1A.P_MOVER/simulacao/ref813_NA_1230.txt","SCside","yes","ok NAB digitado! Checado","exata","parcelas","SC","contiguous",100,1,"DBH>=5.0cm",NA,"private",76187.58,450,"Atlantic_Forest","FOD","FODSm","primary",NA,NA,2009,1715,107,"/home/danilo/Documentos/Doutorado/artigo_mestrado/paisagens_atualizadas/ref813_NA_1230.tif",0.0999999999999999,"laplace","2",1715,2.41472644208148,7.99010713938584,0.637409255302749,0.00262756
"82","93","/home/danilo/Documentos/Doutorado/artigo_mestrado/1A.P_MOVER/simulacao/ref82_NA_93.txt","MGlavr6","yes","ok NAB digitado! Checado","precisa","parcelas","MG","contiguous",28,1.12,"DBH>=5.0cm",NA,"private",9.78,9.78,"Atlantic_Forest","FES","FESSm-Al","primary/secondary",NA,"1997",2003,1666,165,"/home/danilo/Documentos/Doutorado/artigo_mestrado/paisagens_atualizadas/ref82_NA_93.tif",0.0999999999999999,"laplace","2",1487.5,2.59281489420866,8.61019958463283,0.0876854104809232,0.0306227
"82","93","/home/danilo/Documentos/Doutorado/artigo_mestrado/1A.P_MOVER/simulacao/ref82_NA_93.txt","MGlavr6","yes","ok NAB digitado! Checado","precisa","parcelas","MG","contiguous",28,1.12,"DBH>=5.0cm",NA,"private",9.78,9.78,"Atlantic_Forest","FES","FESSm-Al","primary/secondary",NA,"1997",2003,1666,165,"/home/danilo/Documentos/Doutorado/artigo_mestrado/paisagens_atualizadas/ref82_NA_93.tif",0.0999999999999999,"laplace","2",1487.5,2.59281489420866,8.61019958463283,0.0876854104809232,0.0294192
"82","93","/home/danilo/Documentos/Doutorado/artigo_mestrado/1A.P_MOVER/simulacao/ref82_NA_93.txt","MGlavr6","yes","ok NAB digitado! Checado","precisa","parcelas","MG","contiguous",28,1.12,"DBH>=5.0cm",NA,"private",9.78,9.78,"Atlantic_Forest","FES","FESSm-Al","primary/secondary",NA,"1997",2003,1666,165,"/home/danilo/Documentos/Doutorado/artigo_mestrado/paisagens_atualizadas/ref82_NA_93.tif",0.0999999999999999,"laplace","2",1487.5,2.59281489420866,8.61019958463283,0.0876854104809232,0.030597
"82","93","/home/danilo/Documentos/Doutorado/artigo_mestrado/1A.P_MOVER/simulacao/ref82_NA_93.txt","MGlavr6","yes","ok NAB digitado! Checado","precisa","parcelas","MG","contiguous",28,1.12,"DBH>=5.0cm",NA,"private",9.78,9.78,"Atlantic_Forest","FES","FESSm-Al","primary/secondary",NA,"1997",2003,1666,165,"/home/danilo/Documentos/Doutorado/artigo_mestrado/paisagens_atualizadas/ref82_NA_93.tif",0.0999999999999999,"laplace","2",1487.5,2.59281489420866,8.61019958463283,0.0876854104809232,0.0301209
"82","93","/home/danilo/Documentos/Doutorado/artigo_mestrado/1A.P_MOVER/simulacao/ref82_NA_93.txt","MGlavr6","yes","ok NAB digitado! Checado","precisa","parcelas","MG","contiguous",28,1.12,"DBH>=5.0cm",NA,"private",9.78,9.78,"Atlantic_Forest","FES","FESSm-Al","primary/secondary",NA,"1997",2003,1666,165,"/home/danilo/Documentos/Doutorado/artigo_mestrado/paisagens_atualizadas/ref82_NA_93.tif",0.0999999999999999,"laplace","2",1487.5,2.59281489420866,8.61019958463283,0.0876854104809232,0.0306759
"82","93","/home/danilo/Documentos/Doutorado/artigo_mestrado/1A.P_MOVER/simulacao/ref82_NA_93.txt","MGlavr6","yes","ok NAB digitado! Checado","precisa","parcelas","MG","contiguous",28,1.12,"DBH>=5.0cm",NA,"private",9.78,9.78,"Atlantic_Forest","FES","FESSm-Al","primary/secondary",NA,"1997",2003,1666,165,"/home/danilo/Documentos/Doutorado/artigo_mestrado/paisagens_atualizadas/ref82_NA_93.tif",0.0999999999999999,"laplace","2",1487.5,2.59281489420866,8.61019958463283,0.0876854104809232,0.0301855
"82","93","/home/danilo/Documentos/Doutorado/artigo_mestrado/1A.P_MOVER/simulacao/ref82_NA_93.txt","MGlavr6","yes","ok NAB digitado! Checado","precisa","parcelas","MG","contiguous",28,1.12,"DBH>=5.0cm",NA,"private",9.78,9.78,"Atlantic_Forest","FES","FESSm-Al","primary/secondary",NA,"1997",2003,1666,165,"/home/danilo/Documentos/Doutorado/artigo_mestrado/paisagens_atualizadas/ref82_NA_93.tif",0.0999999999999999,"laplace","2",1487.5,2.59281489420866,8.61019958463283,0.0876854104809232,0.029192
"82","93","/home/danilo/Documentos/Doutorado/artigo_mestrado/1A.P_MOVER/simulacao/ref82_NA_93.txt","MGlavr6","yes","ok NAB digitado! Checado","precisa","parcelas","MG","contiguous",28,1.12,"DBH>=5.0cm",NA,"private",9.78,9.78,"Atlantic_Forest","FES","FESSm-Al","primary/secondary",NA,"1997",2003,1666,165,"/home/danilo/Documentos/Doutorado/artigo_mestrado/paisagens_atualizadas/ref82_NA_93.tif",0.0999999999999999,"laplace","2",1487.5,2.59281489420866,8.61019958463283,0.0876854104809232,0.0294054
"82","93","/home/danilo/Documentos/Doutorado/artigo_mestrado/1A.P_MOVER/simulacao/ref82_NA_93.txt","MGlavr6","yes","ok NAB digitado! Checado","precisa","parcelas","MG","contiguous",28,1.12,"DBH>=5.0cm",NA,"private",9.78,9.78,"Atlantic_Forest","FES","FESSm-Al","primary/secondary",NA,"1997",2003,1666,165,"/home/danilo/Documentos/Doutorado/artigo_mestrado/paisagens_atualizadas/ref82_NA_93.tif",0.0999999999999999,"laplace","2",1487.5,2.59281489420866,8.61019958463283,0.0876854104809232,0.0293026
"82","93","/home/danilo/Documentos/Doutorado/artigo_mestrado/1A.P_MOVER/simulacao/ref82_NA_93.txt","MGlavr6","yes","ok NAB digitado! Checado","precisa","parcelas","MG","contiguous",28,1.12,"DBH>=5.0cm",NA,"private",9.78,9.78,"Atlantic_Forest","FES","FESSm-Al","primary/secondary",NA,"1997",2003,1666,165,"/home/danilo/Documentos/Doutorado/artigo_mestrado/paisagens_atualizadas/ref82_NA_93.tif",0.0999999999999999,"laplace","2",1487.5,2.59281489420866,8.61019958463283,0.0876854104809232,0.0292503
"832","1251","/home/danilo/Documentos/Doutorado/artigo_mestrado/1A.P_MOVER/simulacao/ref832_NA_1251.txt","SCorle","yes","ok NAB digitado! Checado","precisa","parcelas","SC","contiguous",50,1,"DBH>=5.0cm",NA,"private",17,17,"Atlantic_Forest","FOD","FODSm","secondary",NA,"1993",1995,2143,118,"/home/danilo/Documentos/Doutorado/artigo_mestrado/paisagens_atualizadas/ref832_NA_1251.tif",0.0999999999999999,"laplace","2",2143,2.16017489483952,7.13702996183912,0.518547362851819,0.00826376
"832","1251","/home/danilo/Documentos/Doutorado/artigo_mestrado/1A.P_MOVER/simulacao/ref832_NA_1251.txt","SCorle","yes","ok NAB digitado! Checado","precisa","parcelas","SC","contiguous",50,1,"DBH>=5.0cm",NA,"private",17,17,"Atlantic_Forest","FOD","FODSm","secondary",NA,"1993",1995,2143,118,"/home/danilo/Documentos/Doutorado/artigo_mestrado/paisagens_atualizadas/ref832_NA_1251.tif",0.0999999999999999,"laplace","2",2143,2.16017489483952,7.13702996183912,0.518547362851819,0.00847542
"832","1251","/home/danilo/Documentos/Doutorado/artigo_mestrado/1A.P_MOVER/simulacao/ref832_NA_1251.txt","SCorle","yes","ok NAB digitado! Checado","precisa","parcelas","SC","contiguous",50,1,"DBH>=5.0cm",NA,"private",17,17,"Atlantic_Forest","FOD","FODSm","secondary",NA,"1993",1995,2143,118,"/home/danilo/Documentos/Doutorado/artigo_mestrado/paisagens_atualizadas/ref832_NA_1251.tif",0.0999999999999999,"laplace","2",2143,2.16017489483952,7.13702996183912,0.518547362851819,0.00869337
"832","1251","/home/danilo/Documentos/Doutorado/artigo_mestrado/1A.P_MOVER/simulacao/ref832_NA_1251.txt","SCorle","yes","ok NAB digitado! Checado","precisa","parcelas","SC","contiguous",50,1,"DBH>=5.0cm",NA,"private",17,17,"Atlantic_Forest","FOD","FODSm","secondary",NA,"1993",1995,2143,118,"/home/danilo/Documentos/Doutorado/artigo_mestrado/paisagens_atualizadas/ref832_NA_1251.tif",0.0999999999999999,"laplace","2",2143,2.16017489483952,7.13702996183912,0.518547362851819,0.00856086
"832","1251","/home/danilo/Documentos/Doutorado/artigo_mestrado/1A.P_MOVER/simulacao/ref832_NA_1251.txt","SCorle","yes","ok NAB digitado! Checado","precisa","parcelas","SC","contiguous",50,1,"DBH>=5.0cm",NA,"private",17,17,"Atlantic_Forest","FOD","FODSm","secondary",NA,"1993",1995,2143,118,"/home/danilo/Documentos/Doutorado/artigo_mestrado/paisagens_atualizadas/ref832_NA_1251.tif",0.0999999999999999,"laplace","2",2143,2.16017489483952,7.13702996183912,0.518547362851819,0.00854734
"832","1251","/home/danilo/Documentos/Doutorado/artigo_mestrado/1A.P_MOVER/simulacao/ref832_NA_1251.txt","SCorle","yes","ok NAB digitado! Checado","precisa","parcelas","SC","contiguous",50,1,"DBH>=5.0cm",NA,"private",17,17,"Atlantic_Forest","FOD","FODSm","secondary",NA,"1993",1995,2143,118,"/home/danilo/Documentos/Doutorado/artigo_mestrado/paisagens_atualizadas/ref832_NA_1251.tif",0.0999999999999999,"laplace","2",2143,2.16017489483952,7.13702996183912,0.518547362851819,0.00893636
"832","1251","/home/danilo/Documentos/Doutorado/artigo_mestrado/1A.P_MOVER/simulacao/ref832_NA_1251.txt","SCorle","yes","ok NAB digitado! Checado","precisa","parcelas","SC","contiguous",50,1,"DBH>=5.0cm",NA,"private",17,17,"Atlantic_Forest","FOD","FODSm","secondary",NA,"1993",1995,2143,118,"/home/danilo/Documentos/Doutorado/artigo_mestrado/paisagens_atualizadas/ref832_NA_1251.tif",0.0999999999999999,"laplace","2",2143,2.16017489483952,7.13702996183912,0.518547362851819,0.00901545
"832","1251","/home/danilo/Documentos/Doutorado/artigo_mestrado/1A.P_MOVER/simulacao/ref832_NA_1251.txt","SCorle","yes","ok NAB digitado! Checado","precisa","parcelas","SC","contiguous",50,1,"DBH>=5.0cm",NA,"private",17,17,"Atlantic_Forest","FOD","FODSm","secondary",NA,"1993",1995,2143,118,"/home/danilo/Documentos/Doutorado/artigo_mestrado/paisagens_atualizadas/ref832_NA_1251.tif",0.0999999999999999,"laplace","2",2143,2.16017489483952,7.13702996183912,0.518547362851819,0.00885057
"832","1251","/home/danilo/Documentos/Doutorado/artigo_mestrado/1A.P_MOVER/simulacao/ref832_NA_1251.txt","SCorle","yes","ok NAB digitado! Checado","precisa","parcelas","SC","contiguous",50,1,"DBH>=5.0cm",NA,"private",17,17,"Atlantic_Forest","FOD","FODSm","secondary",NA,"1993",1995,2143,118,"/home/danilo/Documentos/Doutorado/artigo_mestrado/paisagens_atualizadas/ref832_NA_1251.tif",0.0999999999999999,"laplace","2",2143,2.16017489483952,7.13702996183912,0.518547362851819,0.00838765
"832","1251","/home/danilo/Documentos/Doutorado/artigo_mestrado/1A.P_MOVER/simulacao/ref832_NA_1251.txt","SCorle","yes","ok NAB digitado! Checado","precisa","parcelas","SC","contiguous",50,1,"DBH>=5.0cm",NA,"private",17,17,"Atlantic_Forest","FOD","FODSm","secondary",NA,"1993",1995,2143,118,"/home/danilo/Documentos/Doutorado/artigo_mestrado/paisagens_atualizadas/ref832_NA_1251.tif",0.0999999999999999,"laplace","2",2143,2.16017489483952,7.13702996183912,0.518547362851819,0.00834682
"842","1266","/home/danilo/Documentos/Doutorado/artigo_mestrado/1A.P_MOVER/simulacao/ref842_NA_1266.txt","SCilho","yes","ok N digitado! Checado","boa","parcelas","SC","contiguous",100,1,"DBH>=5.0cm",750,"UC Protecao Integral",1600,NA,"Atlantic_Forest","FOD","FODSm","primary/secondary",NA,"2002",2002,1260,136,"/home/danilo/Documentos/Doutorado/artigo_mestrado/paisagens_atualizadas/ref842_NA_1266.tif",0.0999999999999999,"laplace","2",1260,2.81718084909506,9.38063389000903,0.726502919344681,0.00897789
"842","1266","/home/danilo/Documentos/Doutorado/artigo_mestrado/1A.P_MOVER/simulacao/ref842_NA_1266.txt","SCilho","yes","ok N digitado! Checado","boa","parcelas","SC","contiguous",100,1,"DBH>=5.0cm",750,"UC Protecao Integral",1600,NA,"Atlantic_Forest","FOD","FODSm","primary/secondary",NA,"2002",2002,1260,136,"/home/danilo/Documentos/Doutorado/artigo_mestrado/paisagens_atualizadas/ref842_NA_1266.tif",0.0999999999999999,"laplace","2",1260,2.81718084909506,9.38063389000903,0.726502919344681,0.00808075
"842","1266","/home/danilo/Documentos/Doutorado/artigo_mestrado/1A.P_MOVER/simulacao/ref842_NA_1266.txt","SCilho","yes","ok N digitado! Checado","boa","parcelas","SC","contiguous",100,1,"DBH>=5.0cm",750,"UC Protecao Integral",1600,NA,"Atlantic_Forest","FOD","FODSm","primary/secondary",NA,"2002",2002,1260,136,"/home/danilo/Documentos/Doutorado/artigo_mestrado/paisagens_atualizadas/ref842_NA_1266.tif",0.0999999999999999,"laplace","2",1260,2.81718084909506,9.38063389000903,0.726502919344681,0.00787449
"842","1266","/home/danilo/Documentos/Doutorado/artigo_mestrado/1A.P_MOVER/simulacao/ref842_NA_1266.txt","SCilho","yes","ok N digitado! Checado","boa","parcelas","SC","contiguous",100,1,"DBH>=5.0cm",750,"UC Protecao Integral",1600,NA,"Atlantic_Forest","FOD","FODSm","primary/secondary",NA,"2002",2002,1260,136,"/home/danilo/Documentos/Doutorado/artigo_mestrado/paisagens_atualizadas/ref842_NA_1266.tif",0.0999999999999999,"laplace","2",1260,2.81718084909506,9.38063389000903,0.726502919344681,0.0090434
"842","1266","/home/danilo/Documentos/Doutorado/artigo_mestrado/1A.P_MOVER/simulacao/ref842_NA_1266.txt","SCilho","yes","ok N digitado! Checado","boa","parcelas","SC","contiguous",100,1,"DBH>=5.0cm",750,"UC Protecao Integral",1600,NA,"Atlantic_Forest","FOD","FODSm","primary/secondary",NA,"2002",2002,1260,136,"/home/danilo/Documentos/Doutorado/artigo_mestrado/paisagens_atualizadas/ref842_NA_1266.tif",0.0999999999999999,"laplace","2",1260,2.81718084909506,9.38063389000903,0.726502919344681,0.00810576
"842","1266","/home/danilo/Documentos/Doutorado/artigo_mestrado/1A.P_MOVER/simulacao/ref842_NA_1266.txt","SCilho","yes","ok N digitado! Checado","boa","parcelas","SC","contiguous",100,1,"DBH>=5.0cm",750,"UC Protecao Integral",1600,NA,"Atlantic_Forest","FOD","FODSm","primary/secondary",NA,"2002",2002,1260,136,"/home/danilo/Documentos/Doutorado/artigo_mestrado/paisagens_atualizadas/ref842_NA_1266.tif",0.0999999999999999,"laplace","2",1260,2.81718084909506,9.38063389000903,0.726502919344681,0.00881753
"842","1266","/home/danilo/Documentos/Doutorado/artigo_mestrado/1A.P_MOVER/simulacao/ref842_NA_1266.txt","SCilho","yes","ok N digitado! Checado","boa","parcelas","SC","contiguous",100,1,"DBH>=5.0cm",750,"UC Protecao Integral",1600,NA,"Atlantic_Forest","FOD","FODSm","primary/secondary",NA,"2002",2002,1260,136,"/home/danilo/Documentos/Doutorado/artigo_mestrado/paisagens_atualizadas/ref842_NA_1266.tif",0.0999999999999999,"laplace","2",1260,2.81718084909506,9.38063389000903,0.726502919344681,0.00810791
"842","1266","/home/danilo/Documentos/Doutorado/artigo_mestrado/1A.P_MOVER/simulacao/ref842_NA_1266.txt","SCilho","yes","ok N digitado! Checado","boa","parcelas","SC","contiguous",100,1,"DBH>=5.0cm",750,"UC Protecao Integral",1600,NA,"Atlantic_Forest","FOD","FODSm","primary/secondary",NA,"2002",2002,1260,136,"/home/danilo/Documentos/Doutorado/artigo_mestrado/paisagens_atualizadas/ref842_NA_1266.tif",0.0999999999999999,"laplace","2",1260,2.81718084909506,9.38063389000903,0.726502919344681,0.00791639
"842","1266","/home/danilo/Documentos/Doutorado/artigo_mestrado/1A.P_MOVER/simulacao/ref842_NA_1266.txt","SCilho","yes","ok N digitado! Checado","boa","parcelas","SC","contiguous",100,1,"DBH>=5.0cm",750,"UC Protecao Integral",1600,NA,"Atlantic_Forest","FOD","FODSm","primary/secondary",NA,"2002",2002,1260,136,"/home/danilo/Documentos/Doutorado/artigo_mestrado/paisagens_atualizadas/ref842_NA_1266.tif",0.0999999999999999,"laplace","2",1260,2.81718084909506,9.38063389000903,0.726502919344681,0.00847079
"842","1266","/home/danilo/Documentos/Doutorado/artigo_mestrado/1A.P_MOVER/simulacao/ref842_NA_1266.txt","SCilho","yes","ok N digitado! Checado","boa","parcelas","SC","contiguous",100,1,"DBH>=5.0cm",750,"UC Protecao Integral",1600,NA,"Atlantic_Forest","FOD","FODSm","primary/secondary",NA,"2002",2002,1260,136,"/home/danilo/Documentos/Doutorado/artigo_mestrado/paisagens_atualizadas/ref842_NA_1266.tif",0.0999999999999999,"laplace","2",1260,2.81718084909506,9.38063389000903,0.726502919344681,0.00845318
"847","1271","/home/danilo/Documentos/Doutorado/artigo_mestrado/1A.P_MOVER/simulacao/ref847_NA_1271.txt","SCilho2","yes","ok NAB digitado! Checado","boa","parcelas","SC","contiguous",100,1,"DBH>=5.0cm",750,"UC Protecao Integral",1600,NA,"Atlantic_Forest","FOD","FODM","primary/secondary",50,NA,2001,1832,182,"/home/danilo/Documentos/Doutorado/artigo_mestrado/paisagens_atualizadas/ref847_NA_1271.tif",0.0999999999999999,"laplace","2",1832,2.33634656757999,7.71371220968559,0.739618609576529,0.00977327
"847","1271","/home/danilo/Documentos/Doutorado/artigo_mestrado/1A.P_MOVER/simulacao/ref847_NA_1271.txt","SCilho2","yes","ok NAB digitado! Checado","boa","parcelas","SC","contiguous",100,1,"DBH>=5.0cm",750,"UC Protecao Integral",1600,NA,"Atlantic_Forest","FOD","FODM","primary/secondary",50,NA,2001,1832,182,"/home/danilo/Documentos/Doutorado/artigo_mestrado/paisagens_atualizadas/ref847_NA_1271.tif",0.0999999999999999,"laplace","2",1832,2.33634656757999,7.71371220968559,0.739618609576529,0.0100635
"847","1271","/home/danilo/Documentos/Doutorado/artigo_mestrado/1A.P_MOVER/simulacao/ref847_NA_1271.txt","SCilho2","yes","ok NAB digitado! Checado","boa","parcelas","SC","contiguous",100,1,"DBH>=5.0cm",750,"UC Protecao Integral",1600,NA,"Atlantic_Forest","FOD","FODM","primary/secondary",50,NA,2001,1832,182,"/home/danilo/Documentos/Doutorado/artigo_mestrado/paisagens_atualizadas/ref847_NA_1271.tif",0.0999999999999999,"laplace","2",1832,2.33634656757999,7.71371220968559,0.739618609576529,0.00983969
"847","1271","/home/danilo/Documentos/Doutorado/artigo_mestrado/1A.P_MOVER/simulacao/ref847_NA_1271.txt","SCilho2","yes","ok NAB digitado! Checado","boa","parcelas","SC","contiguous",100,1,"DBH>=5.0cm",750,"UC Protecao Integral",1600,NA,"Atlantic_Forest","FOD","FODM","primary/secondary",50,NA,2001,1832,182,"/home/danilo/Documentos/Doutorado/artigo_mestrado/paisagens_atualizadas/ref847_NA_1271.tif",0.0999999999999999,"laplace","2",1832,2.33634656757999,7.71371220968559,0.739618609576529,0.00980495
"847","1271","/home/danilo/Documentos/Doutorado/artigo_mestrado/1A.P_MOVER/simulacao/ref847_NA_1271.txt","SCilho2","yes","ok NAB digitado! Checado","boa","parcelas","SC","contiguous",100,1,"DBH>=5.0cm",750,"UC Protecao Integral",1600,NA,"Atlantic_Forest","FOD","FODM","primary/secondary",50,NA,2001,1832,182,"/home/danilo/Documentos/Doutorado/artigo_mestrado/paisagens_atualizadas/ref847_NA_1271.tif",0.0999999999999999,"laplace","2",1832,2.33634656757999,7.71371220968559,0.739618609576529,0.00949918
"847","1271","/home/danilo/Documentos/Doutorado/artigo_mestrado/1A.P_MOVER/simulacao/ref847_NA_1271.txt","SCilho2","yes","ok NAB digitado! Checado","boa","parcelas","SC","contiguous",100,1,"DBH>=5.0cm",750,"UC Protecao Integral",1600,NA,"Atlantic_Forest","FOD","FODM","primary/secondary",50,NA,2001,1832,182,"/home/danilo/Documentos/Doutorado/artigo_mestrado/paisagens_atualizadas/ref847_NA_1271.tif",0.0999999999999999,"laplace","2",1832,2.33634656757999,7.71371220968559,0.739618609576529,0.0099872
"847","1271","/home/danilo/Documentos/Doutorado/artigo_mestrado/1A.P_MOVER/simulacao/ref847_NA_1271.txt","SCilho2","yes","ok NAB digitado! Checado","boa","parcelas","SC","contiguous",100,1,"DBH>=5.0cm",750,"UC Protecao Integral",1600,NA,"Atlantic_Forest","FOD","FODM","primary/secondary",50,NA,2001,1832,182,"/home/danilo/Documentos/Doutorado/artigo_mestrado/paisagens_atualizadas/ref847_NA_1271.tif",0.0999999999999999,"laplace","2",1832,2.33634656757999,7.71371220968559,0.739618609576529,0.00937292
"847","1271","/home/danilo/Documentos/Doutorado/artigo_mestrado/1A.P_MOVER/simulacao/ref847_NA_1271.txt","SCilho2","yes","ok NAB digitado! Checado","boa","parcelas","SC","contiguous",100,1,"DBH>=5.0cm",750,"UC Protecao Integral",1600,NA,"Atlantic_Forest","FOD","FODM","primary/secondary",50,NA,2001,1832,182,"/home/danilo/Documentos/Doutorado/artigo_mestrado/paisagens_atualizadas/ref847_NA_1271.tif",0.0999999999999999,"laplace","2",1832,2.33634656757999,7.71371220968559,0.739618609576529,0.00943487
"847","1271","/home/danilo/Documentos/Doutorado/artigo_mestrado/1A.P_MOVER/simulacao/ref847_NA_1271.txt","SCilho2","yes","ok NAB digitado! Checado","boa","parcelas","SC","contiguous",100,1,"DBH>=5.0cm",750,"UC Protecao Integral",1600,NA,"Atlantic_Forest","FOD","FODM","primary/secondary",50,NA,2001,1832,182,"/home/danilo/Documentos/Doutorado/artigo_mestrado/paisagens_atualizadas/ref847_NA_1271.tif",0.0999999999999999,"laplace","2",1832,2.33634656757999,7.71371220968559,0.739618609576529,0.0093446
"847","1271","/home/danilo/Documentos/Doutorado/artigo_mestrado/1A.P_MOVER/simulacao/ref847_NA_1271.txt","SCilho2","yes","ok NAB digitado! Checado","boa","parcelas","SC","contiguous",100,1,"DBH>=5.0cm",750,"UC Protecao Integral",1600,NA,"Atlantic_Forest","FOD","FODM","primary/secondary",50,NA,2001,1832,182,"/home/danilo/Documentos/Doutorado/artigo_mestrado/paisagens_atualizadas/ref847_NA_1271.tif",0.0999999999999999,"laplace","2",1832,2.33634656757999,7.71371220968559,0.739618609576529,0.0101456
"848","1272","/home/danilo/Documentos/Doutorado/artigo_mestrado/1A.P_MOVER/simulacao/ref848_NA_1272.txt","SCvolta1","yes","ok NAB digitado! Checado","boa","parcelas","SC","contiguous",50,1,"DBH>=5.0cm",1186,"UC Uso Sustentavel",9300,700,"Atlantic_Forest","Formacao pioneira sob influencia marinha","FAR seca","secondary",35,NA,1996,1660,53,"/home/danilo/Documentos/Doutorado/artigo_mestrado/paisagens_atualizadas/ref848_NA_1272.tif",0.0999999999999999,"laplace","2",1660,2.45440346836908,8.1117951026124,0.729615213508301,0.00181412
"848","1272","/home/danilo/Documentos/Doutorado/artigo_mestrado/1A.P_MOVER/simulacao/ref848_NA_1272.txt","SCvolta1","yes","ok NAB digitado! Checado","boa","parcelas","SC","contiguous",50,1,"DBH>=5.0cm",1186,"UC Uso Sustentavel",9300,700,"Atlantic_Forest","Formacao pioneira sob influencia marinha","FAR seca","secondary",35,NA,1996,1660,53,"/home/danilo/Documentos/Doutorado/artigo_mestrado/paisagens_atualizadas/ref848_NA_1272.tif",0.0999999999999999,"laplace","2",1660,2.45440346836908,8.1117951026124,0.729615213508301,0.00183535
"848","1272","/home/danilo/Documentos/Doutorado/artigo_mestrado/1A.P_MOVER/simulacao/ref848_NA_1272.txt","SCvolta1","yes","ok NAB digitado! Checado","boa","parcelas","SC","contiguous",50,1,"DBH>=5.0cm",1186,"UC Uso Sustentavel",9300,700,"Atlantic_Forest","Formacao pioneira sob influencia marinha","FAR seca","secondary",35,NA,1996,1660,53,"/home/danilo/Documentos/Doutorado/artigo_mestrado/paisagens_atualizadas/ref848_NA_1272.tif",0.0999999999999999,"laplace","2",1660,2.45440346836908,8.1117951026124,0.729615213508301,0.0018529
"848","1272","/home/danilo/Documentos/Doutorado/artigo_mestrado/1A.P_MOVER/simulacao/ref848_NA_1272.txt","SCvolta1","yes","ok NAB digitado! Checado","boa","parcelas","SC","contiguous",50,1,"DBH>=5.0cm",1186,"UC Uso Sustentavel",9300,700,"Atlantic_Forest","Formacao pioneira sob influencia marinha","FAR seca","secondary",35,NA,1996,1660,53,"/home/danilo/Documentos/Doutorado/artigo_mestrado/paisagens_atualizadas/ref848_NA_1272.tif",0.0999999999999999,"laplace","2",1660,2.45440346836908,8.1117951026124,0.729615213508301,0.00192471
"848","1272","/home/danilo/Documentos/Doutorado/artigo_mestrado/1A.P_MOVER/simulacao/ref848_NA_1272.txt","SCvolta1","yes","ok NAB digitado! Checado","boa","parcelas","SC","contiguous",50,1,"DBH>=5.0cm",1186,"UC Uso Sustentavel",9300,700,"Atlantic_Forest","Formacao pioneira sob influencia marinha","FAR seca","secondary",35,NA,1996,1660,53,"/home/danilo/Documentos/Doutorado/artigo_mestrado/paisagens_atualizadas/ref848_NA_1272.tif",0.0999999999999999,"laplace","2",1660,2.45440346836908,8.1117951026124,0.729615213508301,0.00201323
"848","1272","/home/danilo/Documentos/Doutorado/artigo_mestrado/1A.P_MOVER/simulacao/ref848_NA_1272.txt","SCvolta1","yes","ok NAB digitado! Checado","boa","parcelas","SC","contiguous",50,1,"DBH>=5.0cm",1186,"UC Uso Sustentavel",9300,700,"Atlantic_Forest","Formacao pioneira sob influencia marinha","FAR seca","secondary",35,NA,1996,1660,53,"/home/danilo/Documentos/Doutorado/artigo_mestrado/paisagens_atualizadas/ref848_NA_1272.tif",0.0999999999999999,"laplace","2",1660,2.45440346836908,8.1117951026124,0.729615213508301,0.00185531
"848","1272","/home/danilo/Documentos/Doutorado/artigo_mestrado/1A.P_MOVER/simulacao/ref848_NA_1272.txt","SCvolta1","yes","ok NAB digitado! Checado","boa","parcelas","SC","contiguous",50,1,"DBH>=5.0cm",1186,"UC Uso Sustentavel",9300,700,"Atlantic_Forest","Formacao pioneira sob influencia marinha","FAR seca","secondary",35,NA,1996,1660,53,"/home/danilo/Documentos/Doutorado/artigo_mestrado/paisagens_atualizadas/ref848_NA_1272.tif",0.0999999999999999,"laplace","2",1660,2.45440346836908,8.1117951026124,0.729615213508301,0.00198878
"848","1272","/home/danilo/Documentos/Doutorado/artigo_mestrado/1A.P_MOVER/simulacao/ref848_NA_1272.txt","SCvolta1","yes","ok NAB digitado! Checado","boa","parcelas","SC","contiguous",50,1,"DBH>=5.0cm",1186,"UC Uso Sustentavel",9300,700,"Atlantic_Forest","Formacao pioneira sob influencia marinha","FAR seca","secondary",35,NA,1996,1660,53,"/home/danilo/Documentos/Doutorado/artigo_mestrado/paisagens_atualizadas/ref848_NA_1272.tif",0.0999999999999999,"laplace","2",1660,2.45440346836908,8.1117951026124,0.729615213508301,0.00191057
"848","1272","/home/danilo/Documentos/Doutorado/artigo_mestrado/1A.P_MOVER/simulacao/ref848_NA_1272.txt","SCvolta1","yes","ok NAB digitado! Checado","boa","parcelas","SC","contiguous",50,1,"DBH>=5.0cm",1186,"UC Uso Sustentavel",9300,700,"Atlantic_Forest","Formacao pioneira sob influencia marinha","FAR seca","secondary",35,NA,1996,1660,53,"/home/danilo/Documentos/Doutorado/artigo_mestrado/paisagens_atualizadas/ref848_NA_1272.tif",0.0999999999999999,"laplace","2",1660,2.45440346836908,8.1117951026124,0.729615213508301,0.00181708
"848","1272","/home/danilo/Documentos/Doutorado/artigo_mestrado/1A.P_MOVER/simulacao/ref848_NA_1272.txt","SCvolta1","yes","ok NAB digitado! Checado","boa","parcelas","SC","contiguous",50,1,"DBH>=5.0cm",1186,"UC Uso Sustentavel",9300,700,"Atlantic_Forest","Formacao pioneira sob influencia marinha","FAR seca","secondary",35,NA,1996,1660,53,"/home/danilo/Documentos/Doutorado/artigo_mestrado/paisagens_atualizadas/ref848_NA_1272.tif",0.0999999999999999,"laplace","2",1660,2.45440346836908,8.1117951026124,0.729615213508301,0.00170574
"858","1285","/home/danilo/Documentos/Doutorado/artigo_mestrado/1A.P_MOVER/simulacao/ref858_NA_1285.txt","SCcric1","yes","ok NAB digitado! Checado","precisa","parcelas","SC","contiguous",100,1,"DBH>=5.0cm",7.7,"UC Protecao Integral",5.2,7.7,"Atlantic_Forest","FOD","FODSm","secondary",NA,"2006",2006,1412,137,"/home/danilo/Documentos/Doutorado/artigo_mestrado/paisagens_atualizadas/ref858_NA_1285.tif",0.0999999999999999,"laplace","2",1412,2.66123147706175,8.78066647294122,0.310039948462393,0.0342103
"858","1285","/home/danilo/Documentos/Doutorado/artigo_mestrado/1A.P_MOVER/simulacao/ref858_NA_1285.txt","SCcric1","yes","ok NAB digitado! Checado","precisa","parcelas","SC","contiguous",100,1,"DBH>=5.0cm",7.7,"UC Protecao Integral",5.2,7.7,"Atlantic_Forest","FOD","FODSm","secondary",NA,"2006",2006,1412,137,"/home/danilo/Documentos/Doutorado/artigo_mestrado/paisagens_atualizadas/ref858_NA_1285.tif",0.0999999999999999,"laplace","2",1412,2.66123147706175,8.78066647294122,0.310039948462393,0.0336058
"858","1285","/home/danilo/Documentos/Doutorado/artigo_mestrado/1A.P_MOVER/simulacao/ref858_NA_1285.txt","SCcric1","yes","ok NAB digitado! Checado","precisa","parcelas","SC","contiguous",100,1,"DBH>=5.0cm",7.7,"UC Protecao Integral",5.2,7.7,"Atlantic_Forest","FOD","FODSm","secondary",NA,"2006",2006,1412,137,"/home/danilo/Documentos/Doutorado/artigo_mestrado/paisagens_atualizadas/ref858_NA_1285.tif",0.0999999999999999,"laplace","2",1412,2.66123147706175,8.78066647294122,0.310039948462393,0.0333142
"858","1285","/home/danilo/Documentos/Doutorado/artigo_mestrado/1A.P_MOVER/simulacao/ref858_NA_1285.txt","SCcric1","yes","ok NAB digitado! Checado","precisa","parcelas","SC","contiguous",100,1,"DBH>=5.0cm",7.7,"UC Protecao Integral",5.2,7.7,"Atlantic_Forest","FOD","FODSm","secondary",NA,"2006",2006,1412,137,"/home/danilo/Documentos/Doutorado/artigo_mestrado/paisagens_atualizadas/ref858_NA_1285.tif",0.0999999999999999,"laplace","2",1412,2.66123147706175,8.78066647294122,0.310039948462393,0.0325279
"858","1285","/home/danilo/Documentos/Doutorado/artigo_mestrado/1A.P_MOVER/simulacao/ref858_NA_1285.txt","SCcric1","yes","ok NAB digitado! Checado","precisa","parcelas","SC","contiguous",100,1,"DBH>=5.0cm",7.7,"UC Protecao Integral",5.2,7.7,"Atlantic_Forest","FOD","FODSm","secondary",NA,"2006",2006,1412,137,"/home/danilo/Documentos/Doutorado/artigo_mestrado/paisagens_atualizadas/ref858_NA_1285.tif",0.0999999999999999,"laplace","2",1412,2.66123147706175,8.78066647294122,0.310039948462393,0.0325341
"858","1285","/home/danilo/Documentos/Doutorado/artigo_mestrado/1A.P_MOVER/simulacao/ref858_NA_1285.txt","SCcric1","yes","ok NAB digitado! Checado","precisa","parcelas","SC","contiguous",100,1,"DBH>=5.0cm",7.7,"UC Protecao Integral",5.2,7.7,"Atlantic_Forest","FOD","FODSm","secondary",NA,"2006",2006,1412,137,"/home/danilo/Documentos/Doutorado/artigo_mestrado/paisagens_atualizadas/ref858_NA_1285.tif",0.0999999999999999,"laplace","2",1412,2.66123147706175,8.78066647294122,0.310039948462393,0.0329879
"858","1285","/home/danilo/Documentos/Doutorado/artigo_mestrado/1A.P_MOVER/simulacao/ref858_NA_1285.txt","SCcric1","yes","ok NAB digitado! Checado","precisa","parcelas","SC","contiguous",100,1,"DBH>=5.0cm",7.7,"UC Protecao Integral",5.2,7.7,"Atlantic_Forest","FOD","FODSm","secondary",NA,"2006",2006,1412,137,"/home/danilo/Documentos/Doutorado/artigo_mestrado/paisagens_atualizadas/ref858_NA_1285.tif",0.0999999999999999,"laplace","2",1412,2.66123147706175,8.78066647294122,0.310039948462393,0.0345649
"858","1285","/home/danilo/Documentos/Doutorado/artigo_mestrado/1A.P_MOVER/simulacao/ref858_NA_1285.txt","SCcric1","yes","ok NAB digitado! Checado","precisa","parcelas","SC","contiguous",100,1,"DBH>=5.0cm",7.7,"UC Protecao Integral",5.2,7.7,"Atlantic_Forest","FOD","FODSm","secondary",NA,"2006",2006,1412,137,"/home/danilo/Documentos/Doutorado/artigo_mestrado/paisagens_atualizadas/ref858_NA_1285.tif",0.0999999999999999,"laplace","2",1412,2.66123147706175,8.78066647294122,0.310039948462393,0.0321347
"858","1285","/home/danilo/Documentos/Doutorado/artigo_mestrado/1A.P_MOVER/simulacao/ref858_NA_1285.txt","SCcric1","yes","ok NAB digitado! Checado","precisa","parcelas","SC","contiguous",100,1,"DBH>=5.0cm",7.7,"UC Protecao Integral",5.2,7.7,"Atlantic_Forest","FOD","FODSm","secondary",NA,"2006",2006,1412,137,"/home/danilo/Documentos/Doutorado/artigo_mestrado/paisagens_atualizadas/ref858_NA_1285.tif",0.0999999999999999,"laplace","2",1412,2.66123147706175,8.78066647294122,0.310039948462393,0.0324746
"858","1285","/home/danilo/Documentos/Doutorado/artigo_mestrado/1A.P_MOVER/simulacao/ref858_NA_1285.txt","SCcric1","yes","ok NAB digitado! Checado","precisa","parcelas","SC","contiguous",100,1,"DBH>=5.0cm",7.7,"UC Protecao Integral",5.2,7.7,"Atlantic_Forest","FOD","FODSm","secondary",NA,"2006",2006,1412,137,"/home/danilo/Documentos/Doutorado/artigo_mestrado/paisagens_atualizadas/ref858_NA_1285.tif",0.0999999999999999,"laplace","2",1412,2.66123147706175,8.78066647294122,0.310039948462393,0.0339251
"870","1324","/home/danilo/Documentos/Doutorado/artigo_mestrado/1A.P_MOVER/simulacao/ref870_NA_1324.txt","SCvolta2","yes","ok NAB digitado! Checado","precisa","parcelas","SC","contiguous",50,1,"DBH>=5.0cm",1186,"UC Uso Sustentavel",9300,NA,"Atlantic_Forest","Formacao pioneira sob influencia marinha","FAR umida","primary",NA,NA,2000,2059,78,"/home/danilo/Documentos/Doutorado/artigo_mestrado/paisagens_atualizadas/ref870_NA_1324.tif",0.0999999999999999,"laplace","2",2059,2.2037982136063,7.31172851156728,0.607850624928855,0.00167744
"870","1324","/home/danilo/Documentos/Doutorado/artigo_mestrado/1A.P_MOVER/simulacao/ref870_NA_1324.txt","SCvolta2","yes","ok NAB digitado! Checado","precisa","parcelas","SC","contiguous",50,1,"DBH>=5.0cm",1186,"UC Uso Sustentavel",9300,NA,"Atlantic_Forest","Formacao pioneira sob influencia marinha","FAR umida","primary",NA,NA,2000,2059,78,"/home/danilo/Documentos/Doutorado/artigo_mestrado/paisagens_atualizadas/ref870_NA_1324.tif",0.0999999999999999,"laplace","2",2059,2.2037982136063,7.31172851156728,0.607850624928855,0.00170384
"870","1324","/home/danilo/Documentos/Doutorado/artigo_mestrado/1A.P_MOVER/simulacao/ref870_NA_1324.txt","SCvolta2","yes","ok NAB digitado! Checado","precisa","parcelas","SC","contiguous",50,1,"DBH>=5.0cm",1186,"UC Uso Sustentavel",9300,NA,"Atlantic_Forest","Formacao pioneira sob influencia marinha","FAR umida","primary",NA,NA,2000,2059,78,"/home/danilo/Documentos/Doutorado/artigo_mestrado/paisagens_atualizadas/ref870_NA_1324.tif",0.0999999999999999,"laplace","2",2059,2.2037982136063,7.31172851156728,0.607850624928855,0.00167374
"870","1324","/home/danilo/Documentos/Doutorado/artigo_mestrado/1A.P_MOVER/simulacao/ref870_NA_1324.txt","SCvolta2","yes","ok NAB digitado! Checado","precisa","parcelas","SC","contiguous",50,1,"DBH>=5.0cm",1186,"UC Uso Sustentavel",9300,NA,"Atlantic_Forest","Formacao pioneira sob influencia marinha","FAR umida","primary",NA,NA,2000,2059,78,"/home/danilo/Documentos/Doutorado/artigo_mestrado/paisagens_atualizadas/ref870_NA_1324.tif",0.0999999999999999,"laplace","2",2059,2.2037982136063,7.31172851156728,0.607850624928855,0.00153203
"870","1324","/home/danilo/Documentos/Doutorado/artigo_mestrado/1A.P_MOVER/simulacao/ref870_NA_1324.txt","SCvolta2","yes","ok NAB digitado! Checado","precisa","parcelas","SC","contiguous",50,1,"DBH>=5.0cm",1186,"UC Uso Sustentavel",9300,NA,"Atlantic_Forest","Formacao pioneira sob influencia marinha","FAR umida","primary",NA,NA,2000,2059,78,"/home/danilo/Documentos/Doutorado/artigo_mestrado/paisagens_atualizadas/ref870_NA_1324.tif",0.0999999999999999,"laplace","2",2059,2.2037982136063,7.31172851156728,0.607850624928855,0.00162725
"870","1324","/home/danilo/Documentos/Doutorado/artigo_mestrado/1A.P_MOVER/simulacao/ref870_NA_1324.txt","SCvolta2","yes","ok NAB digitado! Checado","precisa","parcelas","SC","contiguous",50,1,"DBH>=5.0cm",1186,"UC Uso Sustentavel",9300,NA,"Atlantic_Forest","Formacao pioneira sob influencia marinha","FAR umida","primary",NA,NA,2000,2059,78,"/home/danilo/Documentos/Doutorado/artigo_mestrado/paisagens_atualizadas/ref870_NA_1324.tif",0.0999999999999999,"laplace","2",2059,2.2037982136063,7.31172851156728,0.607850624928855,0.00167719
"870","1324","/home/danilo/Documentos/Doutorado/artigo_mestrado/1A.P_MOVER/simulacao/ref870_NA_1324.txt","SCvolta2","yes","ok NAB digitado! Checado","precisa","parcelas","SC","contiguous",50,1,"DBH>=5.0cm",1186,"UC Uso Sustentavel",9300,NA,"Atlantic_Forest","Formacao pioneira sob influencia marinha","FAR umida","primary",NA,NA,2000,2059,78,"/home/danilo/Documentos/Doutorado/artigo_mestrado/paisagens_atualizadas/ref870_NA_1324.tif",0.0999999999999999,"laplace","2",2059,2.2037982136063,7.31172851156728,0.607850624928855,0.00167831
"870","1324","/home/danilo/Documentos/Doutorado/artigo_mestrado/1A.P_MOVER/simulacao/ref870_NA_1324.txt","SCvolta2","yes","ok NAB digitado! Checado","precisa","parcelas","SC","contiguous",50,1,"DBH>=5.0cm",1186,"UC Uso Sustentavel",9300,NA,"Atlantic_Forest","Formacao pioneira sob influencia marinha","FAR umida","primary",NA,NA,2000,2059,78,"/home/danilo/Documentos/Doutorado/artigo_mestrado/paisagens_atualizadas/ref870_NA_1324.tif",0.0999999999999999,"laplace","2",2059,2.2037982136063,7.31172851156728,0.607850624928855,0.00164715
"870","1324","/home/danilo/Documentos/Doutorado/artigo_mestrado/1A.P_MOVER/simulacao/ref870_NA_1324.txt","SCvolta2","yes","ok NAB digitado! Checado","precisa","parcelas","SC","contiguous",50,1,"DBH>=5.0cm",1186,"UC Uso Sustentavel",9300,NA,"Atlantic_Forest","Formacao pioneira sob influencia marinha","FAR umida","primary",NA,NA,2000,2059,78,"/home/danilo/Documentos/Doutorado/artigo_mestrado/paisagens_atualizadas/ref870_NA_1324.tif",0.0999999999999999,"laplace","2",2059,2.2037982136063,7.31172851156728,0.607850624928855,0.00169297
"870","1324","/home/danilo/Documentos/Doutorado/artigo_mestrado/1A.P_MOVER/simulacao/ref870_NA_1324.txt","SCvolta2","yes","ok NAB digitado! Checado","precisa","parcelas","SC","contiguous",50,1,"DBH>=5.0cm",1186,"UC Uso Sustentavel",9300,NA,"Atlantic_Forest","Formacao pioneira sob influencia marinha","FAR umida","primary",NA,NA,2000,2059,78,"/home/danilo/Documentos/Doutorado/artigo_mestrado/paisagens_atualizadas/ref870_NA_1324.tif",0.0999999999999999,"laplace","2",2059,2.2037982136063,7.31172851156728,0.607850624928855,0.00162486
"873","1327","/home/danilo/Documentos/Doutorado/artigo_mestrado/1A.P_MOVER/simulacao/ref873_NA_1327.txt","SCtimbe1","yes","ok NAB digitado! Checado","boa","parcelas","SC","contiguous",100,1,"DBH>=5.0cm",NA,"private",50300,NA,"Atlantic_Forest","FOD","FODSm","secondary",NA,"2010",2010,3161,149,"/home/danilo/Documentos/Doutorado/artigo_mestrado/paisagens_atualizadas/ref873_NA_1327.tif",0.0999999999999999,"laplace","2",3161,1.77863875949011,5.94191606651424,0.620902918155393,0.00285205
"873","1327","/home/danilo/Documentos/Doutorado/artigo_mestrado/1A.P_MOVER/simulacao/ref873_NA_1327.txt","SCtimbe1","yes","ok NAB digitado! Checado","boa","parcelas","SC","contiguous",100,1,"DBH>=5.0cm",NA,"private",50300,NA,"Atlantic_Forest","FOD","FODSm","secondary",NA,"2010",2010,3161,149,"/home/danilo/Documentos/Doutorado/artigo_mestrado/paisagens_atualizadas/ref873_NA_1327.tif",0.0999999999999999,"laplace","2",3161,1.77863875949011,5.94191606651424,0.620902918155393,0.00304639
"873","1327","/home/danilo/Documentos/Doutorado/artigo_mestrado/1A.P_MOVER/simulacao/ref873_NA_1327.txt","SCtimbe1","yes","ok NAB digitado! Checado","boa","parcelas","SC","contiguous",100,1,"DBH>=5.0cm",NA,"private",50300,NA,"Atlantic_Forest","FOD","FODSm","secondary",NA,"2010",2010,3161,149,"/home/danilo/Documentos/Doutorado/artigo_mestrado/paisagens_atualizadas/ref873_NA_1327.tif",0.0999999999999999,"laplace","2",3161,1.77863875949011,5.94191606651424,0.620902918155393,0.00301529
"873","1327","/home/danilo/Documentos/Doutorado/artigo_mestrado/1A.P_MOVER/simulacao/ref873_NA_1327.txt","SCtimbe1","yes","ok NAB digitado! Checado","boa","parcelas","SC","contiguous",100,1,"DBH>=5.0cm",NA,"private",50300,NA,"Atlantic_Forest","FOD","FODSm","secondary",NA,"2010",2010,3161,149,"/home/danilo/Documentos/Doutorado/artigo_mestrado/paisagens_atualizadas/ref873_NA_1327.tif",0.0999999999999999,"laplace","2",3161,1.77863875949011,5.94191606651424,0.620902918155393,0.00291658
"873","1327","/home/danilo/Documentos/Doutorado/artigo_mestrado/1A.P_MOVER/simulacao/ref873_NA_1327.txt","SCtimbe1","yes","ok NAB digitado! Checado","boa","parcelas","SC","contiguous",100,1,"DBH>=5.0cm",NA,"private",50300,NA,"Atlantic_Forest","FOD","FODSm","secondary",NA,"2010",2010,3161,149,"/home/danilo/Documentos/Doutorado/artigo_mestrado/paisagens_atualizadas/ref873_NA_1327.tif",0.0999999999999999,"laplace","2",3161,1.77863875949011,5.94191606651424,0.620902918155393,0.00283938
"873","1327","/home/danilo/Documentos/Doutorado/artigo_mestrado/1A.P_MOVER/simulacao/ref873_NA_1327.txt","SCtimbe1","yes","ok NAB digitado! Checado","boa","parcelas","SC","contiguous",100,1,"DBH>=5.0cm",NA,"private",50300,NA,"Atlantic_Forest","FOD","FODSm","secondary",NA,"2010",2010,3161,149,"/home/danilo/Documentos/Doutorado/artigo_mestrado/paisagens_atualizadas/ref873_NA_1327.tif",0.0999999999999999,"laplace","2",3161,1.77863875949011,5.94191606651424,0.620902918155393,0.00280543
"873","1327","/home/danilo/Documentos/Doutorado/artigo_mestrado/1A.P_MOVER/simulacao/ref873_NA_1327.txt","SCtimbe1","yes","ok NAB digitado! Checado","boa","parcelas","SC","contiguous",100,1,"DBH>=5.0cm",NA,"private",50300,NA,"Atlantic_Forest","FOD","FODSm","secondary",NA,"2010",2010,3161,149,"/home/danilo/Documentos/Doutorado/artigo_mestrado/paisagens_atualizadas/ref873_NA_1327.tif",0.0999999999999999,"laplace","2",3161,1.77863875949011,5.94191606651424,0.620902918155393,0.00329499
"873","1327","/home/danilo/Documentos/Doutorado/artigo_mestrado/1A.P_MOVER/simulacao/ref873_NA_1327.txt","SCtimbe1","yes","ok NAB digitado! Checado","boa","parcelas","SC","contiguous",100,1,"DBH>=5.0cm",NA,"private",50300,NA,"Atlantic_Forest","FOD","FODSm","secondary",NA,"2010",2010,3161,149,"/home/danilo/Documentos/Doutorado/artigo_mestrado/paisagens_atualizadas/ref873_NA_1327.tif",0.0999999999999999,"laplace","2",3161,1.77863875949011,5.94191606651424,0.620902918155393,0.00326249
"873","1327","/home/danilo/Documentos/Doutorado/artigo_mestrado/1A.P_MOVER/simulacao/ref873_NA_1327.txt","SCtimbe1","yes","ok NAB digitado! Checado","boa","parcelas","SC","contiguous",100,1,"DBH>=5.0cm",NA,"private",50300,NA,"Atlantic_Forest","FOD","FODSm","secondary",NA,"2010",2010,3161,149,"/home/danilo/Documentos/Doutorado/artigo_mestrado/paisagens_atualizadas/ref873_NA_1327.tif",0.0999999999999999,"laplace","2",3161,1.77863875949011,5.94191606651424,0.620902918155393,0.00309624
"873","1327","/home/danilo/Documentos/Doutorado/artigo_mestrado/1A.P_MOVER/simulacao/ref873_NA_1327.txt","SCtimbe1","yes","ok NAB digitado! Checado","boa","parcelas","SC","contiguous",100,1,"DBH>=5.0cm",NA,"private",50300,NA,"Atlantic_Forest","FOD","FODSm","secondary",NA,"2010",2010,3161,149,"/home/danilo/Documentos/Doutorado/artigo_mestrado/paisagens_atualizadas/ref873_NA_1327.tif",0.0999999999999999,"laplace","2",3161,1.77863875949011,5.94191606651424,0.620902918155393,0.00296673
"873","1328","/home/danilo/Documentos/Doutorado/artigo_mestrado/1A.P_MOVER/simulacao/ref873_NA_1328.txt","SCarar","yes","ok NAB digitado! Checado","boa","parcelas","SC","contiguous",100,1,"DBH>=5.0cm",NA,"private",30,30,"Atlantic_Forest","Formacao pioneira sob influencia marinha","FAR umida","secondary",NA,"2010",2010,2034,26,"/home/danilo/Documentos/Doutorado/artigo_mestrado/paisagens_atualizadas/ref873_NA_1328.tif",0.0999999999999999,"laplace","2",2034,2.21730035079246,7.35310189312804,0.0627657674412972,0.00148089
"873","1328","/home/danilo/Documentos/Doutorado/artigo_mestrado/1A.P_MOVER/simulacao/ref873_NA_1328.txt","SCarar","yes","ok NAB digitado! Checado","boa","parcelas","SC","contiguous",100,1,"DBH>=5.0cm",NA,"private",30,30,"Atlantic_Forest","Formacao pioneira sob influencia marinha","FAR umida","secondary",NA,"2010",2010,2034,26,"/home/danilo/Documentos/Doutorado/artigo_mestrado/paisagens_atualizadas/ref873_NA_1328.tif",0.0999999999999999,"laplace","2",2034,2.21730035079246,7.35310189312804,0.0627657674412972,0.00171687
"873","1328","/home/danilo/Documentos/Doutorado/artigo_mestrado/1A.P_MOVER/simulacao/ref873_NA_1328.txt","SCarar","yes","ok NAB digitado! Checado","boa","parcelas","SC","contiguous",100,1,"DBH>=5.0cm",NA,"private",30,30,"Atlantic_Forest","Formacao pioneira sob influencia marinha","FAR umida","secondary",NA,"2010",2010,2034,26,"/home/danilo/Documentos/Doutorado/artigo_mestrado/paisagens_atualizadas/ref873_NA_1328.tif",0.0999999999999999,"laplace","2",2034,2.21730035079246,7.35310189312804,0.0627657674412972,0.00162058
"873","1328","/home/danilo/Documentos/Doutorado/artigo_mestrado/1A.P_MOVER/simulacao/ref873_NA_1328.txt","SCarar","yes","ok NAB digitado! Checado","boa","parcelas","SC","contiguous",100,1,"DBH>=5.0cm",NA,"private",30,30,"Atlantic_Forest","Formacao pioneira sob influencia marinha","FAR umida","secondary",NA,"2010",2010,2034,26,"/home/danilo/Documentos/Doutorado/artigo_mestrado/paisagens_atualizadas/ref873_NA_1328.tif",0.0999999999999999,"laplace","2",2034,2.21730035079246,7.35310189312804,0.0627657674412972,0.001551
"873","1328","/home/danilo/Documentos/Doutorado/artigo_mestrado/1A.P_MOVER/simulacao/ref873_NA_1328.txt","SCarar","yes","ok NAB digitado! Checado","boa","parcelas","SC","contiguous",100,1,"DBH>=5.0cm",NA,"private",30,30,"Atlantic_Forest","Formacao pioneira sob influencia marinha","FAR umida","secondary",NA,"2010",2010,2034,26,"/home/danilo/Documentos/Doutorado/artigo_mestrado/paisagens_atualizadas/ref873_NA_1328.tif",0.0999999999999999,"laplace","2",2034,2.21730035079246,7.35310189312804,0.0627657674412972,0.00166775
"873","1328","/home/danilo/Documentos/Doutorado/artigo_mestrado/1A.P_MOVER/simulacao/ref873_NA_1328.txt","SCarar","yes","ok NAB digitado! Checado","boa","parcelas","SC","contiguous",100,1,"DBH>=5.0cm",NA,"private",30,30,"Atlantic_Forest","Formacao pioneira sob influencia marinha","FAR umida","secondary",NA,"2010",2010,2034,26,"/home/danilo/Documentos/Doutorado/artigo_mestrado/paisagens_atualizadas/ref873_NA_1328.tif",0.0999999999999999,"laplace","2",2034,2.21730035079246,7.35310189312804,0.0627657674412972,0.00156833
"873","1328","/home/danilo/Documentos/Doutorado/artigo_mestrado/1A.P_MOVER/simulacao/ref873_NA_1328.txt","SCarar","yes","ok NAB digitado! Checado","boa","parcelas","SC","contiguous",100,1,"DBH>=5.0cm",NA,"private",30,30,"Atlantic_Forest","Formacao pioneira sob influencia marinha","FAR umida","secondary",NA,"2010",2010,2034,26,"/home/danilo/Documentos/Doutorado/artigo_mestrado/paisagens_atualizadas/ref873_NA_1328.tif",0.0999999999999999,"laplace","2",2034,2.21730035079246,7.35310189312804,0.0627657674412972,0.0015139
"873","1328","/home/danilo/Documentos/Doutorado/artigo_mestrado/1A.P_MOVER/simulacao/ref873_NA_1328.txt","SCarar","yes","ok NAB digitado! Checado","boa","parcelas","SC","contiguous",100,1,"DBH>=5.0cm",NA,"private",30,30,"Atlantic_Forest","Formacao pioneira sob influencia marinha","FAR umida","secondary",NA,"2010",2010,2034,26,"/home/danilo/Documentos/Doutorado/artigo_mestrado/paisagens_atualizadas/ref873_NA_1328.tif",0.0999999999999999,"laplace","2",2034,2.21730035079246,7.35310189312804,0.0627657674412972,0.00150033
"873","1328","/home/danilo/Documentos/Doutorado/artigo_mestrado/1A.P_MOVER/simulacao/ref873_NA_1328.txt","SCarar","yes","ok NAB digitado! Checado","boa","parcelas","SC","contiguous",100,1,"DBH>=5.0cm",NA,"private",30,30,"Atlantic_Forest","Formacao pioneira sob influencia marinha","FAR umida","secondary",NA,"2010",2010,2034,26,"/home/danilo/Documentos/Doutorado/artigo_mestrado/paisagens_atualizadas/ref873_NA_1328.tif",0.0999999999999999,"laplace","2",2034,2.21730035079246,7.35310189312804,0.0627657674412972,0.00153283
"873","1328","/home/danilo/Documentos/Doutorado/artigo_mestrado/1A.P_MOVER/simulacao/ref873_NA_1328.txt","SCarar","yes","ok NAB digitado! Checado","boa","parcelas","SC","contiguous",100,1,"DBH>=5.0cm",NA,"private",30,30,"Atlantic_Forest","Formacao pioneira sob influencia marinha","FAR umida","secondary",NA,"2010",2010,2034,26,"/home/danilo/Documentos/Doutorado/artigo_mestrado/paisagens_atualizadas/ref873_NA_1328.tif",0.0999999999999999,"laplace","2",2034,2.21730035079246,7.35310189312804,0.0627657674412972,0.00160515
"888","1349","/home/danilo/Documentos/Doutorado/artigo_mestrado/1A.P_MOVER/simulacao/ref888_NA_1349.txt","SPpesmE","yes","ok NAB digitado! Checado","exata","parcelas","SP","contiguous",100,1,"PBH>=15.0cm",315390,"UC Protecao Integral",83400,47500,"Atlantic_Forest","FOD","FODTB","primary",NA,"2011",2011,1240,142,"/home/danilo/Documentos/Doutorado/artigo_mestrado/paisagens_atualizadas/ref888_NA_1349.tif",0.0999999999999999,"laplace","2",1240,2.83980917123532,9.49710794995877,0.619852105295887,0.00685068
"888","1349","/home/danilo/Documentos/Doutorado/artigo_mestrado/1A.P_MOVER/simulacao/ref888_NA_1349.txt","SPpesmE","yes","ok NAB digitado! Checado","exata","parcelas","SP","contiguous",100,1,"PBH>=15.0cm",315390,"UC Protecao Integral",83400,47500,"Atlantic_Forest","FOD","FODTB","primary",NA,"2011",2011,1240,142,"/home/danilo/Documentos/Doutorado/artigo_mestrado/paisagens_atualizadas/ref888_NA_1349.tif",0.0999999999999999,"laplace","2",1240,2.83980917123532,9.49710794995877,0.619852105295887,0.00654481
"888","1349","/home/danilo/Documentos/Doutorado/artigo_mestrado/1A.P_MOVER/simulacao/ref888_NA_1349.txt","SPpesmE","yes","ok NAB digitado! Checado","exata","parcelas","SP","contiguous",100,1,"PBH>=15.0cm",315390,"UC Protecao Integral",83400,47500,"Atlantic_Forest","FOD","FODTB","primary",NA,"2011",2011,1240,142,"/home/danilo/Documentos/Doutorado/artigo_mestrado/paisagens_atualizadas/ref888_NA_1349.tif",0.0999999999999999,"laplace","2",1240,2.83980917123532,9.49710794995877,0.619852105295887,0.00639641
"888","1349","/home/danilo/Documentos/Doutorado/artigo_mestrado/1A.P_MOVER/simulacao/ref888_NA_1349.txt","SPpesmE","yes","ok NAB digitado! Checado","exata","parcelas","SP","contiguous",100,1,"PBH>=15.0cm",315390,"UC Protecao Integral",83400,47500,"Atlantic_Forest","FOD","FODTB","primary",NA,"2011",2011,1240,142,"/home/danilo/Documentos/Doutorado/artigo_mestrado/paisagens_atualizadas/ref888_NA_1349.tif",0.0999999999999999,"laplace","2",1240,2.83980917123532,9.49710794995877,0.619852105295887,0.00666989
"888","1349","/home/danilo/Documentos/Doutorado/artigo_mestrado/1A.P_MOVER/simulacao/ref888_NA_1349.txt","SPpesmE","yes","ok NAB digitado! Checado","exata","parcelas","SP","contiguous",100,1,"PBH>=15.0cm",315390,"UC Protecao Integral",83400,47500,"Atlantic_Forest","FOD","FODTB","primary",NA,"2011",2011,1240,142,"/home/danilo/Documentos/Doutorado/artigo_mestrado/paisagens_atualizadas/ref888_NA_1349.tif",0.0999999999999999,"laplace","2",1240,2.83980917123532,9.49710794995877,0.619852105295887,0.00705454
"888","1349","/home/danilo/Documentos/Doutorado/artigo_mestrado/1A.P_MOVER/simulacao/ref888_NA_1349.txt","SPpesmE","yes","ok NAB digitado! Checado","exata","parcelas","SP","contiguous",100,1,"PBH>=15.0cm",315390,"UC Protecao Integral",83400,47500,"Atlantic_Forest","FOD","FODTB","primary",NA,"2011",2011,1240,142,"/home/danilo/Documentos/Doutorado/artigo_mestrado/paisagens_atualizadas/ref888_NA_1349.tif",0.0999999999999999,"laplace","2",1240,2.83980917123532,9.49710794995877,0.619852105295887,0.00617103
"888","1349","/home/danilo/Documentos/Doutorado/artigo_mestrado/1A.P_MOVER/simulacao/ref888_NA_1349.txt","SPpesmE","yes","ok NAB digitado! Checado","exata","parcelas","SP","contiguous",100,1,"PBH>=15.0cm",315390,"UC Protecao Integral",83400,47500,"Atlantic_Forest","FOD","FODTB","primary",NA,"2011",2011,1240,142,"/home/danilo/Documentos/Doutorado/artigo_mestrado/paisagens_atualizadas/ref888_NA_1349.tif",0.0999999999999999,"laplace","2",1240,2.83980917123532,9.49710794995877,0.619852105295887,0.00604554
"888","1349","/home/danilo/Documentos/Doutorado/artigo_mestrado/1A.P_MOVER/simulacao/ref888_NA_1349.txt","SPpesmE","yes","ok NAB digitado! Checado","exata","parcelas","SP","contiguous",100,1,"PBH>=15.0cm",315390,"UC Protecao Integral",83400,47500,"Atlantic_Forest","FOD","FODTB","primary",NA,"2011",2011,1240,142,"/home/danilo/Documentos/Doutorado/artigo_mestrado/paisagens_atualizadas/ref888_NA_1349.tif",0.0999999999999999,"laplace","2",1240,2.83980917123532,9.49710794995877,0.619852105295887,0.00638959
"888","1349","/home/danilo/Documentos/Doutorado/artigo_mestrado/1A.P_MOVER/simulacao/ref888_NA_1349.txt","SPpesmE","yes","ok NAB digitado! Checado","exata","parcelas","SP","contiguous",100,1,"PBH>=15.0cm",315390,"UC Protecao Integral",83400,47500,"Atlantic_Forest","FOD","FODTB","primary",NA,"2011",2011,1240,142,"/home/danilo/Documentos/Doutorado/artigo_mestrado/paisagens_atualizadas/ref888_NA_1349.tif",0.0999999999999999,"laplace","2",1240,2.83980917123532,9.49710794995877,0.619852105295887,0.00633652
"888","1349","/home/danilo/Documentos/Doutorado/artigo_mestrado/1A.P_MOVER/simulacao/ref888_NA_1349.txt","SPpesmE","yes","ok NAB digitado! Checado","exata","parcelas","SP","contiguous",100,1,"PBH>=15.0cm",315390,"UC Protecao Integral",83400,47500,"Atlantic_Forest","FOD","FODTB","primary",NA,"2011",2011,1240,142,"/home/danilo/Documentos/Doutorado/artigo_mestrado/paisagens_atualizadas/ref888_NA_1349.tif",0.0999999999999999,"laplace","2",1240,2.83980917123532,9.49710794995877,0.619852105295887,0.00599783
"893","1356","/home/danilo/Documentos/Doutorado/artigo_mestrado/1A.P_MOVER/simulacao/ref893_NA_1356.txt","SPpei1","yes","ok NAB digitado! Checado","precisa","parcelas","SP","contiguous",88,1.98,"DBH>=5.0cm",48000,"UC Protecao Integral",303000,48000,"Atlantic_Forest","FOD","FODTB","primary",NA,"2001",2004,3078,172,"/home/danilo/Documentos/Doutorado/artigo_mestrado/paisagens_atualizadas/ref893_NA_1356.tif",0.0999999999999999,"laplace","2",1554.54545454545,2.53628636750894,8.46214238905672,0.953535647203526,0.00644751
"893","1356","/home/danilo/Documentos/Doutorado/artigo_mestrado/1A.P_MOVER/simulacao/ref893_NA_1356.txt","SPpei1","yes","ok NAB digitado! Checado","precisa","parcelas","SP","contiguous",88,1.98,"DBH>=5.0cm",48000,"UC Protecao Integral",303000,48000,"Atlantic_Forest","FOD","FODTB","primary",NA,"2001",2004,3078,172,"/home/danilo/Documentos/Doutorado/artigo_mestrado/paisagens_atualizadas/ref893_NA_1356.tif",0.0999999999999999,"laplace","2",1554.54545454545,2.53628636750894,8.46214238905672,0.953535647203526,0.00616161
"893","1356","/home/danilo/Documentos/Doutorado/artigo_mestrado/1A.P_MOVER/simulacao/ref893_NA_1356.txt","SPpei1","yes","ok NAB digitado! Checado","precisa","parcelas","SP","contiguous",88,1.98,"DBH>=5.0cm",48000,"UC Protecao Integral",303000,48000,"Atlantic_Forest","FOD","FODTB","primary",NA,"2001",2004,3078,172,"/home/danilo/Documentos/Doutorado/artigo_mestrado/paisagens_atualizadas/ref893_NA_1356.tif",0.0999999999999999,"laplace","2",1554.54545454545,2.53628636750894,8.46214238905672,0.953535647203526,0.00652998
"893","1356","/home/danilo/Documentos/Doutorado/artigo_mestrado/1A.P_MOVER/simulacao/ref893_NA_1356.txt","SPpei1","yes","ok NAB digitado! Checado","precisa","parcelas","SP","contiguous",88,1.98,"DBH>=5.0cm",48000,"UC Protecao Integral",303000,48000,"Atlantic_Forest","FOD","FODTB","primary",NA,"2001",2004,3078,172,"/home/danilo/Documentos/Doutorado/artigo_mestrado/paisagens_atualizadas/ref893_NA_1356.tif",0.0999999999999999,"laplace","2",1554.54545454545,2.53628636750894,8.46214238905672,0.953535647203526,0.00672226
"893","1356","/home/danilo/Documentos/Doutorado/artigo_mestrado/1A.P_MOVER/simulacao/ref893_NA_1356.txt","SPpei1","yes","ok NAB digitado! Checado","precisa","parcelas","SP","contiguous",88,1.98,"DBH>=5.0cm",48000,"UC Protecao Integral",303000,48000,"Atlantic_Forest","FOD","FODTB","primary",NA,"2001",2004,3078,172,"/home/danilo/Documentos/Doutorado/artigo_mestrado/paisagens_atualizadas/ref893_NA_1356.tif",0.0999999999999999,"laplace","2",1554.54545454545,2.53628636750894,8.46214238905672,0.953535647203526,0.00612367
"893","1356","/home/danilo/Documentos/Doutorado/artigo_mestrado/1A.P_MOVER/simulacao/ref893_NA_1356.txt","SPpei1","yes","ok NAB digitado! Checado","precisa","parcelas","SP","contiguous",88,1.98,"DBH>=5.0cm",48000,"UC Protecao Integral",303000,48000,"Atlantic_Forest","FOD","FODTB","primary",NA,"2001",2004,3078,172,"/home/danilo/Documentos/Doutorado/artigo_mestrado/paisagens_atualizadas/ref893_NA_1356.tif",0.0999999999999999,"laplace","2",1554.54545454545,2.53628636750894,8.46214238905672,0.953535647203526,0.00603397
"893","1356","/home/danilo/Documentos/Doutorado/artigo_mestrado/1A.P_MOVER/simulacao/ref893_NA_1356.txt","SPpei1","yes","ok NAB digitado! Checado","precisa","parcelas","SP","contiguous",88,1.98,"DBH>=5.0cm",48000,"UC Protecao Integral",303000,48000,"Atlantic_Forest","FOD","FODTB","primary",NA,"2001",2004,3078,172,"/home/danilo/Documentos/Doutorado/artigo_mestrado/paisagens_atualizadas/ref893_NA_1356.tif",0.0999999999999999,"laplace","2",1554.54545454545,2.53628636750894,8.46214238905672,0.953535647203526,0.00658876
"893","1356","/home/danilo/Documentos/Doutorado/artigo_mestrado/1A.P_MOVER/simulacao/ref893_NA_1356.txt","SPpei1","yes","ok NAB digitado! Checado","precisa","parcelas","SP","contiguous",88,1.98,"DBH>=5.0cm",48000,"UC Protecao Integral",303000,48000,"Atlantic_Forest","FOD","FODTB","primary",NA,"2001",2004,3078,172,"/home/danilo/Documentos/Doutorado/artigo_mestrado/paisagens_atualizadas/ref893_NA_1356.tif",0.0999999999999999,"laplace","2",1554.54545454545,2.53628636750894,8.46214238905672,0.953535647203526,0.00601146
"893","1356","/home/danilo/Documentos/Doutorado/artigo_mestrado/1A.P_MOVER/simulacao/ref893_NA_1356.txt","SPpei1","yes","ok NAB digitado! Checado","precisa","parcelas","SP","contiguous",88,1.98,"DBH>=5.0cm",48000,"UC Protecao Integral",303000,48000,"Atlantic_Forest","FOD","FODTB","primary",NA,"2001",2004,3078,172,"/home/danilo/Documentos/Doutorado/artigo_mestrado/paisagens_atualizadas/ref893_NA_1356.tif",0.0999999999999999,"laplace","2",1554.54545454545,2.53628636750894,8.46214238905672,0.953535647203526,0.00616436
"893","1356","/home/danilo/Documentos/Doutorado/artigo_mestrado/1A.P_MOVER/simulacao/ref893_NA_1356.txt","SPpei1","yes","ok NAB digitado! Checado","precisa","parcelas","SP","contiguous",88,1.98,"DBH>=5.0cm",48000,"UC Protecao Integral",303000,48000,"Atlantic_Forest","FOD","FODTB","primary",NA,"2001",2004,3078,172,"/home/danilo/Documentos/Doutorado/artigo_mestrado/paisagens_atualizadas/ref893_NA_1356.tif",0.0999999999999999,"laplace","2",1554.54545454545,2.53628636750894,8.46214238905672,0.953535647203526,0.00630513
"89","102","/home/danilo/Documentos/Doutorado/artigo_mestrado/1A.P_MOVER/simulacao/ref89_NA_102.txt","MGuberl3","yes","ok NAB digitado! Checado","precisa","parcelas","MG","contiguous",25,1,"PBH>=15.0cm",NA,"private",30,30,"Atlantic_Forest","FES",NA,"primary",NA,NA,2011,976,86,"/home/danilo/Documentos/Doutorado/artigo_mestrado/paisagens_atualizadas/ref89_NA_102.tif",0.0999999999999999,"laplace","2",976,3.2009219983224,10.6042365683022,0.813109004507462,0.00735609
"89","102","/home/danilo/Documentos/Doutorado/artigo_mestrado/1A.P_MOVER/simulacao/ref89_NA_102.txt","MGuberl3","yes","ok NAB digitado! Checado","precisa","parcelas","MG","contiguous",25,1,"PBH>=15.0cm",NA,"private",30,30,"Atlantic_Forest","FES",NA,"primary",NA,NA,2011,976,86,"/home/danilo/Documentos/Doutorado/artigo_mestrado/paisagens_atualizadas/ref89_NA_102.tif",0.0999999999999999,"laplace","2",976,3.2009219983224,10.6042365683022,0.813109004507462,0.0068802
"89","102","/home/danilo/Documentos/Doutorado/artigo_mestrado/1A.P_MOVER/simulacao/ref89_NA_102.txt","MGuberl3","yes","ok NAB digitado! Checado","precisa","parcelas","MG","contiguous",25,1,"PBH>=15.0cm",NA,"private",30,30,"Atlantic_Forest","FES",NA,"primary",NA,NA,2011,976,86,"/home/danilo/Documentos/Doutorado/artigo_mestrado/paisagens_atualizadas/ref89_NA_102.tif",0.0999999999999999,"laplace","2",976,3.2009219983224,10.6042365683022,0.813109004507462,0.00780636
"89","102","/home/danilo/Documentos/Doutorado/artigo_mestrado/1A.P_MOVER/simulacao/ref89_NA_102.txt","MGuberl3","yes","ok NAB digitado! Checado","precisa","parcelas","MG","contiguous",25,1,"PBH>=15.0cm",NA,"private",30,30,"Atlantic_Forest","FES",NA,"primary",NA,NA,2011,976,86,"/home/danilo/Documentos/Doutorado/artigo_mestrado/paisagens_atualizadas/ref89_NA_102.tif",0.0999999999999999,"laplace","2",976,3.2009219983224,10.6042365683022,0.813109004507462,0.00699799
"89","102","/home/danilo/Documentos/Doutorado/artigo_mestrado/1A.P_MOVER/simulacao/ref89_NA_102.txt","MGuberl3","yes","ok NAB digitado! Checado","precisa","parcelas","MG","contiguous",25,1,"PBH>=15.0cm",NA,"private",30,30,"Atlantic_Forest","FES",NA,"primary",NA,NA,2011,976,86,"/home/danilo/Documentos/Doutorado/artigo_mestrado/paisagens_atualizadas/ref89_NA_102.tif",0.0999999999999999,"laplace","2",976,3.2009219983224,10.6042365683022,0.813109004507462,0.0066327
"89","102","/home/danilo/Documentos/Doutorado/artigo_mestrado/1A.P_MOVER/simulacao/ref89_NA_102.txt","MGuberl3","yes","ok NAB digitado! Checado","precisa","parcelas","MG","contiguous",25,1,"PBH>=15.0cm",NA,"private",30,30,"Atlantic_Forest","FES",NA,"primary",NA,NA,2011,976,86,"/home/danilo/Documentos/Doutorado/artigo_mestrado/paisagens_atualizadas/ref89_NA_102.tif",0.0999999999999999,"laplace","2",976,3.2009219983224,10.6042365683022,0.813109004507462,0.00712293
"89","102","/home/danilo/Documentos/Doutorado/artigo_mestrado/1A.P_MOVER/simulacao/ref89_NA_102.txt","MGuberl3","yes","ok NAB digitado! Checado","precisa","parcelas","MG","contiguous",25,1,"PBH>=15.0cm",NA,"private",30,30,"Atlantic_Forest","FES",NA,"primary",NA,NA,2011,976,86,"/home/danilo/Documentos/Doutorado/artigo_mestrado/paisagens_atualizadas/ref89_NA_102.tif",0.0999999999999999,"laplace","2",976,3.2009219983224,10.6042365683022,0.813109004507462,0.00584934
"89","102","/home/danilo/Documentos/Doutorado/artigo_mestrado/1A.P_MOVER/simulacao/ref89_NA_102.txt","MGuberl3","yes","ok NAB digitado! Checado","precisa","parcelas","MG","contiguous",25,1,"PBH>=15.0cm",NA,"private",30,30,"Atlantic_Forest","FES",NA,"primary",NA,NA,2011,976,86,"/home/danilo/Documentos/Doutorado/artigo_mestrado/paisagens_atualizadas/ref89_NA_102.tif",0.0999999999999999,"laplace","2",976,3.2009219983224,10.6042365683022,0.813109004507462,0.00710241
"89","102","/home/danilo/Documentos/Doutorado/artigo_mestrado/1A.P_MOVER/simulacao/ref89_NA_102.txt","MGuberl3","yes","ok NAB digitado! Checado","precisa","parcelas","MG","contiguous",25,1,"PBH>=15.0cm",NA,"private",30,30,"Atlantic_Forest","FES",NA,"primary",NA,NA,2011,976,86,"/home/danilo/Documentos/Doutorado/artigo_mestrado/paisagens_atualizadas/ref89_NA_102.tif",0.0999999999999999,"laplace","2",976,3.2009219983224,10.6042365683022,0.813109004507462,0.00723156
"89","102","/home/danilo/Documentos/Doutorado/artigo_mestrado/1A.P_MOVER/simulacao/ref89_NA_102.txt","MGuberl3","yes","ok NAB digitado! Checado","precisa","parcelas","MG","contiguous",25,1,"PBH>=15.0cm",NA,"private",30,30,"Atlantic_Forest","FES",NA,"primary",NA,NA,2011,976,86,"/home/danilo/Documentos/Doutorado/artigo_mestrado/paisagens_atualizadas/ref89_NA_102.tif",0.0999999999999999,"laplace","2",976,3.2009219983224,10.6042365683022,0.813109004507462,0.00709258
"8","10","/home/danilo/Documentos/Doutorado/artigo_mestrado/1A.P_MOVER/simulacao/ref8_NA_10.txt","ESsoor","yes","ok NAB digitado! Checado","precisa","parcelas","ES","contiguous",100,1,"PBH>=15.0cm",27858.68,"UC Protecao Integral",24250,24250,"Atlantic_Forest","FOD","FODTB (Floresta de tabuleiro)","primary",NA,NA,2010,1519,265,"/home/danilo/Documentos/Doutorado/artigo_mestrado/paisagens_atualizadas/ref8_NA_10.tif",0.0999999999999999,"laplace","2",1519,2.56579002895393,8.49983963527243,0.89253904834223,0.01522
"8","10","/home/danilo/Documentos/Doutorado/artigo_mestrado/1A.P_MOVER/simulacao/ref8_NA_10.txt","ESsoor","yes","ok NAB digitado! Checado","precisa","parcelas","ES","contiguous",100,1,"PBH>=15.0cm",27858.68,"UC Protecao Integral",24250,24250,"Atlantic_Forest","FOD","FODTB (Floresta de tabuleiro)","primary",NA,NA,2010,1519,265,"/home/danilo/Documentos/Doutorado/artigo_mestrado/paisagens_atualizadas/ref8_NA_10.tif",0.0999999999999999,"laplace","2",1519,2.56579002895393,8.49983963527243,0.89253904834223,0.0148397
"8","10","/home/danilo/Documentos/Doutorado/artigo_mestrado/1A.P_MOVER/simulacao/ref8_NA_10.txt","ESsoor","yes","ok NAB digitado! Checado","precisa","parcelas","ES","contiguous",100,1,"PBH>=15.0cm",27858.68,"UC Protecao Integral",24250,24250,"Atlantic_Forest","FOD","FODTB (Floresta de tabuleiro)","primary",NA,NA,2010,1519,265,"/home/danilo/Documentos/Doutorado/artigo_mestrado/paisagens_atualizadas/ref8_NA_10.tif",0.0999999999999999,"laplace","2",1519,2.56579002895393,8.49983963527243,0.89253904834223,0.0148855
"8","10","/home/danilo/Documentos/Doutorado/artigo_mestrado/1A.P_MOVER/simulacao/ref8_NA_10.txt","ESsoor","yes","ok NAB digitado! Checado","precisa","parcelas","ES","contiguous",100,1,"PBH>=15.0cm",27858.68,"UC Protecao Integral",24250,24250,"Atlantic_Forest","FOD","FODTB (Floresta de tabuleiro)","primary",NA,NA,2010,1519,265,"/home/danilo/Documentos/Doutorado/artigo_mestrado/paisagens_atualizadas/ref8_NA_10.tif",0.0999999999999999,"laplace","2",1519,2.56579002895393,8.49983963527243,0.89253904834223,0.0155124
"8","10","/home/danilo/Documentos/Doutorado/artigo_mestrado/1A.P_MOVER/simulacao/ref8_NA_10.txt","ESsoor","yes","ok NAB digitado! Checado","precisa","parcelas","ES","contiguous",100,1,"PBH>=15.0cm",27858.68,"UC Protecao Integral",24250,24250,"Atlantic_Forest","FOD","FODTB (Floresta de tabuleiro)","primary",NA,NA,2010,1519,265,"/home/danilo/Documentos/Doutorado/artigo_mestrado/paisagens_atualizadas/ref8_NA_10.tif",0.0999999999999999,"laplace","2",1519,2.56579002895393,8.49983963527243,0.89253904834223,0.0139269
"8","10","/home/danilo/Documentos/Doutorado/artigo_mestrado/1A.P_MOVER/simulacao/ref8_NA_10.txt","ESsoor","yes","ok NAB digitado! Checado","precisa","parcelas","ES","contiguous",100,1,"PBH>=15.0cm",27858.68,"UC Protecao Integral",24250,24250,"Atlantic_Forest","FOD","FODTB (Floresta de tabuleiro)","primary",NA,NA,2010,1519,265,"/home/danilo/Documentos/Doutorado/artigo_mestrado/paisagens_atualizadas/ref8_NA_10.tif",0.0999999999999999,"laplace","2",1519,2.56579002895393,8.49983963527243,0.89253904834223,0.0160032
"8","10","/home/danilo/Documentos/Doutorado/artigo_mestrado/1A.P_MOVER/simulacao/ref8_NA_10.txt","ESsoor","yes","ok NAB digitado! Checado","precisa","parcelas","ES","contiguous",100,1,"PBH>=15.0cm",27858.68,"UC Protecao Integral",24250,24250,"Atlantic_Forest","FOD","FODTB (Floresta de tabuleiro)","primary",NA,NA,2010,1519,265,"/home/danilo/Documentos/Doutorado/artigo_mestrado/paisagens_atualizadas/ref8_NA_10.tif",0.0999999999999999,"laplace","2",1519,2.56579002895393,8.49983963527243,0.89253904834223,0.0148777
"8","10","/home/danilo/Documentos/Doutorado/artigo_mestrado/1A.P_MOVER/simulacao/ref8_NA_10.txt","ESsoor","yes","ok NAB digitado! Checado","precisa","parcelas","ES","contiguous",100,1,"PBH>=15.0cm",27858.68,"UC Protecao Integral",24250,24250,"Atlantic_Forest","FOD","FODTB (Floresta de tabuleiro)","primary",NA,NA,2010,1519,265,"/home/danilo/Documentos/Doutorado/artigo_mestrado/paisagens_atualizadas/ref8_NA_10.tif",0.0999999999999999,"laplace","2",1519,2.56579002895393,8.49983963527243,0.89253904834223,0.0165245
"8","10","/home/danilo/Documentos/Doutorado/artigo_mestrado/1A.P_MOVER/simulacao/ref8_NA_10.txt","ESsoor","yes","ok NAB digitado! Checado","precisa","parcelas","ES","contiguous",100,1,"PBH>=15.0cm",27858.68,"UC Protecao Integral",24250,24250,"Atlantic_Forest","FOD","FODTB (Floresta de tabuleiro)","primary",NA,NA,2010,1519,265,"/home/danilo/Documentos/Doutorado/artigo_mestrado/paisagens_atualizadas/ref8_NA_10.tif",0.0999999999999999,"laplace","2",1519,2.56579002895393,8.49983963527243,0.89253904834223,0.0170309
"8","10","/home/danilo/Documentos/Doutorado/artigo_mestrado/1A.P_MOVER/simulacao/ref8_NA_10.txt","ESsoor","yes","ok NAB digitado! Checado","precisa","parcelas","ES","contiguous",100,1,"PBH>=15.0cm",27858.68,"UC Protecao Integral",24250,24250,"Atlantic_Forest","FOD","FODTB (Floresta de tabuleiro)","primary",NA,NA,2010,1519,265,"/home/danilo/Documentos/Doutorado/artigo_mestrado/paisagens_atualizadas/ref8_NA_10.tif",0.0999999999999999,"laplace","2",1519,2.56579002895393,8.49983963527243,0.89253904834223,0.0177108
"922","1420","/home/danilo/Documentos/Doutorado/artigo_mestrado/1A.P_MOVER/simulacao/ref922_NA_1420.txt","SPpesmG","yes","ok NAB digitado! Checado","exata","parcelas","SP","contiguous",100,1,"PBH>=15.0cm",315390,"UC Protecao Integral",83400,47000,"Atlantic_Forest","FOD","FODSm","primary",NA,"2011",2011,1496,151,"/home/danilo/Documentos/Doutorado/artigo_mestrado/paisagens_atualizadas/ref922_NA_1420.tif",0.0999999999999999,"laplace","2",1496,2.5854384499751,8.62872868465783,0.820262221310021,0.00466829
"922","1420","/home/danilo/Documentos/Doutorado/artigo_mestrado/1A.P_MOVER/simulacao/ref922_NA_1420.txt","SPpesmG","yes","ok NAB digitado! Checado","exata","parcelas","SP","contiguous",100,1,"PBH>=15.0cm",315390,"UC Protecao Integral",83400,47000,"Atlantic_Forest","FOD","FODSm","primary",NA,"2011",2011,1496,151,"/home/danilo/Documentos/Doutorado/artigo_mestrado/paisagens_atualizadas/ref922_NA_1420.tif",0.0999999999999999,"laplace","2",1496,2.5854384499751,8.62872868465783,0.820262221310021,0.0046708
"922","1420","/home/danilo/Documentos/Doutorado/artigo_mestrado/1A.P_MOVER/simulacao/ref922_NA_1420.txt","SPpesmG","yes","ok NAB digitado! Checado","exata","parcelas","SP","contiguous",100,1,"PBH>=15.0cm",315390,"UC Protecao Integral",83400,47000,"Atlantic_Forest","FOD","FODSm","primary",NA,"2011",2011,1496,151,"/home/danilo/Documentos/Doutorado/artigo_mestrado/paisagens_atualizadas/ref922_NA_1420.tif",0.0999999999999999,"laplace","2",1496,2.5854384499751,8.62872868465783,0.820262221310021,0.00557293
"922","1420","/home/danilo/Documentos/Doutorado/artigo_mestrado/1A.P_MOVER/simulacao/ref922_NA_1420.txt","SPpesmG","yes","ok NAB digitado! Checado","exata","parcelas","SP","contiguous",100,1,"PBH>=15.0cm",315390,"UC Protecao Integral",83400,47000,"Atlantic_Forest","FOD","FODSm","primary",NA,"2011",2011,1496,151,"/home/danilo/Documentos/Doutorado/artigo_mestrado/paisagens_atualizadas/ref922_NA_1420.tif",0.0999999999999999,"laplace","2",1496,2.5854384499751,8.62872868465783,0.820262221310021,0.00401483
"922","1420","/home/danilo/Documentos/Doutorado/artigo_mestrado/1A.P_MOVER/simulacao/ref922_NA_1420.txt","SPpesmG","yes","ok NAB digitado! Checado","exata","parcelas","SP","contiguous",100,1,"PBH>=15.0cm",315390,"UC Protecao Integral",83400,47000,"Atlantic_Forest","FOD","FODSm","primary",NA,"2011",2011,1496,151,"/home/danilo/Documentos/Doutorado/artigo_mestrado/paisagens_atualizadas/ref922_NA_1420.tif",0.0999999999999999,"laplace","2",1496,2.5854384499751,8.62872868465783,0.820262221310021,0.00447557
"922","1420","/home/danilo/Documentos/Doutorado/artigo_mestrado/1A.P_MOVER/simulacao/ref922_NA_1420.txt","SPpesmG","yes","ok NAB digitado! Checado","exata","parcelas","SP","contiguous",100,1,"PBH>=15.0cm",315390,"UC Protecao Integral",83400,47000,"Atlantic_Forest","FOD","FODSm","primary",NA,"2011",2011,1496,151,"/home/danilo/Documentos/Doutorado/artigo_mestrado/paisagens_atualizadas/ref922_NA_1420.tif",0.0999999999999999,"laplace","2",1496,2.5854384499751,8.62872868465783,0.820262221310021,0.00429749
"922","1420","/home/danilo/Documentos/Doutorado/artigo_mestrado/1A.P_MOVER/simulacao/ref922_NA_1420.txt","SPpesmG","yes","ok NAB digitado! Checado","exata","parcelas","SP","contiguous",100,1,"PBH>=15.0cm",315390,"UC Protecao Integral",83400,47000,"Atlantic_Forest","FOD","FODSm","primary",NA,"2011",2011,1496,151,"/home/danilo/Documentos/Doutorado/artigo_mestrado/paisagens_atualizadas/ref922_NA_1420.tif",0.0999999999999999,"laplace","2",1496,2.5854384499751,8.62872868465783,0.820262221310021,0.00439353
"922","1420","/home/danilo/Documentos/Doutorado/artigo_mestrado/1A.P_MOVER/simulacao/ref922_NA_1420.txt","SPpesmG","yes","ok NAB digitado! Checado","exata","parcelas","SP","contiguous",100,1,"PBH>=15.0cm",315390,"UC Protecao Integral",83400,47000,"Atlantic_Forest","FOD","FODSm","primary",NA,"2011",2011,1496,151,"/home/danilo/Documentos/Doutorado/artigo_mestrado/paisagens_atualizadas/ref922_NA_1420.tif",0.0999999999999999,"laplace","2",1496,2.5854384499751,8.62872868465783,0.820262221310021,0.00450603
"922","1420","/home/danilo/Documentos/Doutorado/artigo_mestrado/1A.P_MOVER/simulacao/ref922_NA_1420.txt","SPpesmG","yes","ok NAB digitado! Checado","exata","parcelas","SP","contiguous",100,1,"PBH>=15.0cm",315390,"UC Protecao Integral",83400,47000,"Atlantic_Forest","FOD","FODSm","primary",NA,"2011",2011,1496,151,"/home/danilo/Documentos/Doutorado/artigo_mestrado/paisagens_atualizadas/ref922_NA_1420.tif",0.0999999999999999,"laplace","2",1496,2.5854384499751,8.62872868465783,0.820262221310021,0.00457359
"922","1420","/home/danilo/Documentos/Doutorado/artigo_mestrado/1A.P_MOVER/simulacao/ref922_NA_1420.txt","SPpesmG","yes","ok NAB digitado! Checado","exata","parcelas","SP","contiguous",100,1,"PBH>=15.0cm",315390,"UC Protecao Integral",83400,47000,"Atlantic_Forest","FOD","FODSm","primary",NA,"2011",2011,1496,151,"/home/danilo/Documentos/Doutorado/artigo_mestrado/paisagens_atualizadas/ref922_NA_1420.tif",0.0999999999999999,"laplace","2",1496,2.5854384499751,8.62872868465783,0.820262221310021,0.00495996
"922","1421","/home/danilo/Documentos/Doutorado/artigo_mestrado/1A.P_MOVER/simulacao/ref922_NA_1421.txt","SPpesmI","yes","ok NAB digitado! Checado","exata","parcelas","SP","contiguous",100,1,"PBH>=15.0cm",315390,"UC Protecao Integral",83400,47000,"Atlantic_Forest","FOD","FODSm","primary",NA,"2011",2011,1995,204,"/home/danilo/Documentos/Doutorado/artigo_mestrado/paisagens_atualizadas/ref922_NA_1421.tif",0.0999999999999999,"laplace","2",1995,2.23886831419823,7.41425162991093,0.838354371716594,0.00674203
"922","1421","/home/danilo/Documentos/Doutorado/artigo_mestrado/1A.P_MOVER/simulacao/ref922_NA_1421.txt","SPpesmI","yes","ok NAB digitado! Checado","exata","parcelas","SP","contiguous",100,1,"PBH>=15.0cm",315390,"UC Protecao Integral",83400,47000,"Atlantic_Forest","FOD","FODSm","primary",NA,"2011",2011,1995,204,"/home/danilo/Documentos/Doutorado/artigo_mestrado/paisagens_atualizadas/ref922_NA_1421.tif",0.0999999999999999,"laplace","2",1995,2.23886831419823,7.41425162991093,0.838354371716594,0.00796472
"922","1421","/home/danilo/Documentos/Doutorado/artigo_mestrado/1A.P_MOVER/simulacao/ref922_NA_1421.txt","SPpesmI","yes","ok NAB digitado! Checado","exata","parcelas","SP","contiguous",100,1,"PBH>=15.0cm",315390,"UC Protecao Integral",83400,47000,"Atlantic_Forest","FOD","FODSm","primary",NA,"2011",2011,1995,204,"/home/danilo/Documentos/Doutorado/artigo_mestrado/paisagens_atualizadas/ref922_NA_1421.tif",0.0999999999999999,"laplace","2",1995,2.23886831419823,7.41425162991093,0.838354371716594,0.00744712
"922","1421","/home/danilo/Documentos/Doutorado/artigo_mestrado/1A.P_MOVER/simulacao/ref922_NA_1421.txt","SPpesmI","yes","ok NAB digitado! Checado","exata","parcelas","SP","contiguous",100,1,"PBH>=15.0cm",315390,"UC Protecao Integral",83400,47000,"Atlantic_Forest","FOD","FODSm","primary",NA,"2011",2011,1995,204,"/home/danilo/Documentos/Doutorado/artigo_mestrado/paisagens_atualizadas/ref922_NA_1421.tif",0.0999999999999999,"laplace","2",1995,2.23886831419823,7.41425162991093,0.838354371716594,0.00725823
"922","1421","/home/danilo/Documentos/Doutorado/artigo_mestrado/1A.P_MOVER/simulacao/ref922_NA_1421.txt","SPpesmI","yes","ok NAB digitado! Checado","exata","parcelas","SP","contiguous",100,1,"PBH>=15.0cm",315390,"UC Protecao Integral",83400,47000,"Atlantic_Forest","FOD","FODSm","primary",NA,"2011",2011,1995,204,"/home/danilo/Documentos/Doutorado/artigo_mestrado/paisagens_atualizadas/ref922_NA_1421.tif",0.0999999999999999,"laplace","2",1995,2.23886831419823,7.41425162991093,0.838354371716594,0.00676514
"922","1421","/home/danilo/Documentos/Doutorado/artigo_mestrado/1A.P_MOVER/simulacao/ref922_NA_1421.txt","SPpesmI","yes","ok NAB digitado! Checado","exata","parcelas","SP","contiguous",100,1,"PBH>=15.0cm",315390,"UC Protecao Integral",83400,47000,"Atlantic_Forest","FOD","FODSm","primary",NA,"2011",2011,1995,204,"/home/danilo/Documentos/Doutorado/artigo_mestrado/paisagens_atualizadas/ref922_NA_1421.tif",0.0999999999999999,"laplace","2",1995,2.23886831419823,7.41425162991093,0.838354371716594,0.00730505
"922","1421","/home/danilo/Documentos/Doutorado/artigo_mestrado/1A.P_MOVER/simulacao/ref922_NA_1421.txt","SPpesmI","yes","ok NAB digitado! Checado","exata","parcelas","SP","contiguous",100,1,"PBH>=15.0cm",315390,"UC Protecao Integral",83400,47000,"Atlantic_Forest","FOD","FODSm","primary",NA,"2011",2011,1995,204,"/home/danilo/Documentos/Doutorado/artigo_mestrado/paisagens_atualizadas/ref922_NA_1421.tif",0.0999999999999999,"laplace","2",1995,2.23886831419823,7.41425162991093,0.838354371716594,0.00710893
"922","1421","/home/danilo/Documentos/Doutorado/artigo_mestrado/1A.P_MOVER/simulacao/ref922_NA_1421.txt","SPpesmI","yes","ok NAB digitado! Checado","exata","parcelas","SP","contiguous",100,1,"PBH>=15.0cm",315390,"UC Protecao Integral",83400,47000,"Atlantic_Forest","FOD","FODSm","primary",NA,"2011",2011,1995,204,"/home/danilo/Documentos/Doutorado/artigo_mestrado/paisagens_atualizadas/ref922_NA_1421.tif",0.0999999999999999,"laplace","2",1995,2.23886831419823,7.41425162991093,0.838354371716594,0.00722758
"922","1421","/home/danilo/Documentos/Doutorado/artigo_mestrado/1A.P_MOVER/simulacao/ref922_NA_1421.txt","SPpesmI","yes","ok NAB digitado! Checado","exata","parcelas","SP","contiguous",100,1,"PBH>=15.0cm",315390,"UC Protecao Integral",83400,47000,"Atlantic_Forest","FOD","FODSm","primary",NA,"2011",2011,1995,204,"/home/danilo/Documentos/Doutorado/artigo_mestrado/paisagens_atualizadas/ref922_NA_1421.tif",0.0999999999999999,"laplace","2",1995,2.23886831419823,7.41425162991093,0.838354371716594,0.00760027
"922","1421","/home/danilo/Documentos/Doutorado/artigo_mestrado/1A.P_MOVER/simulacao/ref922_NA_1421.txt","SPpesmI","yes","ok NAB digitado! Checado","exata","parcelas","SP","contiguous",100,1,"PBH>=15.0cm",315390,"UC Protecao Integral",83400,47000,"Atlantic_Forest","FOD","FODSm","primary",NA,"2011",2011,1995,204,"/home/danilo/Documentos/Doutorado/artigo_mestrado/paisagens_atualizadas/ref922_NA_1421.tif",0.0999999999999999,"laplace","2",1995,2.23886831419823,7.41425162991093,0.838354371716594,0.0075713
"923","1422","/home/danilo/Documentos/Doutorado/artigo_mestrado/1A.P_MOVER/simulacao/ref923_NA_1422.txt","SPpesmJ","yes","ok NAB digitado! Checado","exata","parcelas","SP","contiguous",100,1,"PBH>=15.0cm",315390,"UC Protecao Integral",83400,315390,"Atlantic_Forest","FOD","FODSm","primary",NA,"2011",2011,1816,206,"/home/danilo/Documentos/Doutorado/artigo_mestrado/paisagens_atualizadas/ref923_NA_1422.tif",0.0999999999999999,"laplace","2",1816,2.34661627231966,7.78090492981019,0.83979193587226,0.00817402
"923","1422","/home/danilo/Documentos/Doutorado/artigo_mestrado/1A.P_MOVER/simulacao/ref923_NA_1422.txt","SPpesmJ","yes","ok NAB digitado! Checado","exata","parcelas","SP","contiguous",100,1,"PBH>=15.0cm",315390,"UC Protecao Integral",83400,315390,"Atlantic_Forest","FOD","FODSm","primary",NA,"2011",2011,1816,206,"/home/danilo/Documentos/Doutorado/artigo_mestrado/paisagens_atualizadas/ref923_NA_1422.tif",0.0999999999999999,"laplace","2",1816,2.34661627231966,7.78090492981019,0.83979193587226,0.00818248
"923","1422","/home/danilo/Documentos/Doutorado/artigo_mestrado/1A.P_MOVER/simulacao/ref923_NA_1422.txt","SPpesmJ","yes","ok NAB digitado! Checado","exata","parcelas","SP","contiguous",100,1,"PBH>=15.0cm",315390,"UC Protecao Integral",83400,315390,"Atlantic_Forest","FOD","FODSm","primary",NA,"2011",2011,1816,206,"/home/danilo/Documentos/Doutorado/artigo_mestrado/paisagens_atualizadas/ref923_NA_1422.tif",0.0999999999999999,"laplace","2",1816,2.34661627231966,7.78090492981019,0.83979193587226,0.00875887
"923","1422","/home/danilo/Documentos/Doutorado/artigo_mestrado/1A.P_MOVER/simulacao/ref923_NA_1422.txt","SPpesmJ","yes","ok NAB digitado! Checado","exata","parcelas","SP","contiguous",100,1,"PBH>=15.0cm",315390,"UC Protecao Integral",83400,315390,"Atlantic_Forest","FOD","FODSm","primary",NA,"2011",2011,1816,206,"/home/danilo/Documentos/Doutorado/artigo_mestrado/paisagens_atualizadas/ref923_NA_1422.tif",0.0999999999999999,"laplace","2",1816,2.34661627231966,7.78090492981019,0.83979193587226,0.00794884
"923","1422","/home/danilo/Documentos/Doutorado/artigo_mestrado/1A.P_MOVER/simulacao/ref923_NA_1422.txt","SPpesmJ","yes","ok NAB digitado! Checado","exata","parcelas","SP","contiguous",100,1,"PBH>=15.0cm",315390,"UC Protecao Integral",83400,315390,"Atlantic_Forest","FOD","FODSm","primary",NA,"2011",2011,1816,206,"/home/danilo/Documentos/Doutorado/artigo_mestrado/paisagens_atualizadas/ref923_NA_1422.tif",0.0999999999999999,"laplace","2",1816,2.34661627231966,7.78090492981019,0.83979193587226,0.00797857
"923","1422","/home/danilo/Documentos/Doutorado/artigo_mestrado/1A.P_MOVER/simulacao/ref923_NA_1422.txt","SPpesmJ","yes","ok NAB digitado! Checado","exata","parcelas","SP","contiguous",100,1,"PBH>=15.0cm",315390,"UC Protecao Integral",83400,315390,"Atlantic_Forest","FOD","FODSm","primary",NA,"2011",2011,1816,206,"/home/danilo/Documentos/Doutorado/artigo_mestrado/paisagens_atualizadas/ref923_NA_1422.tif",0.0999999999999999,"laplace","2",1816,2.34661627231966,7.78090492981019,0.83979193587226,0.00915342
"923","1422","/home/danilo/Documentos/Doutorado/artigo_mestrado/1A.P_MOVER/simulacao/ref923_NA_1422.txt","SPpesmJ","yes","ok NAB digitado! Checado","exata","parcelas","SP","contiguous",100,1,"PBH>=15.0cm",315390,"UC Protecao Integral",83400,315390,"Atlantic_Forest","FOD","FODSm","primary",NA,"2011",2011,1816,206,"/home/danilo/Documentos/Doutorado/artigo_mestrado/paisagens_atualizadas/ref923_NA_1422.tif",0.0999999999999999,"laplace","2",1816,2.34661627231966,7.78090492981019,0.83979193587226,0.00749039
"923","1422","/home/danilo/Documentos/Doutorado/artigo_mestrado/1A.P_MOVER/simulacao/ref923_NA_1422.txt","SPpesmJ","yes","ok NAB digitado! Checado","exata","parcelas","SP","contiguous",100,1,"PBH>=15.0cm",315390,"UC Protecao Integral",83400,315390,"Atlantic_Forest","FOD","FODSm","primary",NA,"2011",2011,1816,206,"/home/danilo/Documentos/Doutorado/artigo_mestrado/paisagens_atualizadas/ref923_NA_1422.tif",0.0999999999999999,"laplace","2",1816,2.34661627231966,7.78090492981019,0.83979193587226,0.00724463
"923","1422","/home/danilo/Documentos/Doutorado/artigo_mestrado/1A.P_MOVER/simulacao/ref923_NA_1422.txt","SPpesmJ","yes","ok NAB digitado! Checado","exata","parcelas","SP","contiguous",100,1,"PBH>=15.0cm",315390,"UC Protecao Integral",83400,315390,"Atlantic_Forest","FOD","FODSm","primary",NA,"2011",2011,1816,206,"/home/danilo/Documentos/Doutorado/artigo_mestrado/paisagens_atualizadas/ref923_NA_1422.tif",0.0999999999999999,"laplace","2",1816,2.34661627231966,7.78090492981019,0.83979193587226,0.00769908
"923","1422","/home/danilo/Documentos/Doutorado/artigo_mestrado/1A.P_MOVER/simulacao/ref923_NA_1422.txt","SPpesmJ","yes","ok NAB digitado! Checado","exata","parcelas","SP","contiguous",100,1,"PBH>=15.0cm",315390,"UC Protecao Integral",83400,315390,"Atlantic_Forest","FOD","FODSm","primary",NA,"2011",2011,1816,206,"/home/danilo/Documentos/Doutorado/artigo_mestrado/paisagens_atualizadas/ref923_NA_1422.tif",0.0999999999999999,"laplace","2",1816,2.34661627231966,7.78090492981019,0.83979193587226,0.00775555
"926","1426","/home/danilo/Documentos/Doutorado/artigo_mestrado/1A.P_MOVER/simulacao/ref926_NA_1426.txt","SPpesmD","yes","ok NAB digitado! Checado","exata","parcelas","SP","contiguous",100,1,"PBH>=15.0cm",315390,"UC Protecao Integral",83400,47500,"Atlantic_Forest","FOD","FODTB","primary",NA,NA,2011,1281,155,"/home/danilo/Documentos/Doutorado/artigo_mestrado/paisagens_atualizadas/ref926_NA_1426.tif",0.0999999999999999,"laplace","2",1281,2.79399378113556,9.32457253118504,0.613856321776893,0.00784747
"926","1426","/home/danilo/Documentos/Doutorado/artigo_mestrado/1A.P_MOVER/simulacao/ref926_NA_1426.txt","SPpesmD","yes","ok NAB digitado! Checado","exata","parcelas","SP","contiguous",100,1,"PBH>=15.0cm",315390,"UC Protecao Integral",83400,47500,"Atlantic_Forest","FOD","FODTB","primary",NA,NA,2011,1281,155,"/home/danilo/Documentos/Doutorado/artigo_mestrado/paisagens_atualizadas/ref926_NA_1426.tif",0.0999999999999999,"laplace","2",1281,2.79399378113556,9.32457253118504,0.613856321776893,0.00791932
"926","1426","/home/danilo/Documentos/Doutorado/artigo_mestrado/1A.P_MOVER/simulacao/ref926_NA_1426.txt","SPpesmD","yes","ok NAB digitado! Checado","exata","parcelas","SP","contiguous",100,1,"PBH>=15.0cm",315390,"UC Protecao Integral",83400,47500,"Atlantic_Forest","FOD","FODTB","primary",NA,NA,2011,1281,155,"/home/danilo/Documentos/Doutorado/artigo_mestrado/paisagens_atualizadas/ref926_NA_1426.tif",0.0999999999999999,"laplace","2",1281,2.79399378113556,9.32457253118504,0.613856321776893,0.00747666
"926","1426","/home/danilo/Documentos/Doutorado/artigo_mestrado/1A.P_MOVER/simulacao/ref926_NA_1426.txt","SPpesmD","yes","ok NAB digitado! Checado","exata","parcelas","SP","contiguous",100,1,"PBH>=15.0cm",315390,"UC Protecao Integral",83400,47500,"Atlantic_Forest","FOD","FODTB","primary",NA,NA,2011,1281,155,"/home/danilo/Documentos/Doutorado/artigo_mestrado/paisagens_atualizadas/ref926_NA_1426.tif",0.0999999999999999,"laplace","2",1281,2.79399378113556,9.32457253118504,0.613856321776893,0.0071435
"926","1426","/home/danilo/Documentos/Doutorado/artigo_mestrado/1A.P_MOVER/simulacao/ref926_NA_1426.txt","SPpesmD","yes","ok NAB digitado! Checado","exata","parcelas","SP","contiguous",100,1,"PBH>=15.0cm",315390,"UC Protecao Integral",83400,47500,"Atlantic_Forest","FOD","FODTB","primary",NA,NA,2011,1281,155,"/home/danilo/Documentos/Doutorado/artigo_mestrado/paisagens_atualizadas/ref926_NA_1426.tif",0.0999999999999999,"laplace","2",1281,2.79399378113556,9.32457253118504,0.613856321776893,0.0074079
"926","1426","/home/danilo/Documentos/Doutorado/artigo_mestrado/1A.P_MOVER/simulacao/ref926_NA_1426.txt","SPpesmD","yes","ok NAB digitado! Checado","exata","parcelas","SP","contiguous",100,1,"PBH>=15.0cm",315390,"UC Protecao Integral",83400,47500,"Atlantic_Forest","FOD","FODTB","primary",NA,NA,2011,1281,155,"/home/danilo/Documentos/Doutorado/artigo_mestrado/paisagens_atualizadas/ref926_NA_1426.tif",0.0999999999999999,"laplace","2",1281,2.79399378113556,9.32457253118504,0.613856321776893,0.00758791
"926","1426","/home/danilo/Documentos/Doutorado/artigo_mestrado/1A.P_MOVER/simulacao/ref926_NA_1426.txt","SPpesmD","yes","ok NAB digitado! Checado","exata","parcelas","SP","contiguous",100,1,"PBH>=15.0cm",315390,"UC Protecao Integral",83400,47500,"Atlantic_Forest","FOD","FODTB","primary",NA,NA,2011,1281,155,"/home/danilo/Documentos/Doutorado/artigo_mestrado/paisagens_atualizadas/ref926_NA_1426.tif",0.0999999999999999,"laplace","2",1281,2.79399378113556,9.32457253118504,0.613856321776893,0.00854382
"926","1426","/home/danilo/Documentos/Doutorado/artigo_mestrado/1A.P_MOVER/simulacao/ref926_NA_1426.txt","SPpesmD","yes","ok NAB digitado! Checado","exata","parcelas","SP","contiguous",100,1,"PBH>=15.0cm",315390,"UC Protecao Integral",83400,47500,"Atlantic_Forest","FOD","FODTB","primary",NA,NA,2011,1281,155,"/home/danilo/Documentos/Doutorado/artigo_mestrado/paisagens_atualizadas/ref926_NA_1426.tif",0.0999999999999999,"laplace","2",1281,2.79399378113556,9.32457253118504,0.613856321776893,0.00751316
"926","1426","/home/danilo/Documentos/Doutorado/artigo_mestrado/1A.P_MOVER/simulacao/ref926_NA_1426.txt","SPpesmD","yes","ok NAB digitado! Checado","exata","parcelas","SP","contiguous",100,1,"PBH>=15.0cm",315390,"UC Protecao Integral",83400,47500,"Atlantic_Forest","FOD","FODTB","primary",NA,NA,2011,1281,155,"/home/danilo/Documentos/Doutorado/artigo_mestrado/paisagens_atualizadas/ref926_NA_1426.tif",0.0999999999999999,"laplace","2",1281,2.79399378113556,9.32457253118504,0.613856321776893,0.00746077
"926","1426","/home/danilo/Documentos/Doutorado/artigo_mestrado/1A.P_MOVER/simulacao/ref926_NA_1426.txt","SPpesmD","yes","ok NAB digitado! Checado","exata","parcelas","SP","contiguous",100,1,"PBH>=15.0cm",315390,"UC Protecao Integral",83400,47500,"Atlantic_Forest","FOD","FODTB","primary",NA,NA,2011,1281,155,"/home/danilo/Documentos/Doutorado/artigo_mestrado/paisagens_atualizadas/ref926_NA_1426.tif",0.0999999999999999,"laplace","2",1281,2.79399378113556,9.32457253118504,0.613856321776893,0.007122
"928","1428","/home/danilo/Documentos/Doutorado/artigo_mestrado/1A.P_MOVER/simulacao/ref928_NA_1428.txt","SPpesmF","yes","ok NAB digitado! Checado","exata","parcelas","SP","contiguous",100,1,"PBH>=15.0cm",NA,"private",83400,1200,"Atlantic_Forest","FOD","FODTB","secondary",25,"2007",2011,1379,104,"/home/danilo/Documentos/Doutorado/artigo_mestrado/paisagens_atualizadas/ref928_NA_1428.tif",0.0999999999999999,"laplace","2",1379,2.69288537021423,8.88522478287059,0.800477864894625,0.00282703
"928","1428","/home/danilo/Documentos/Doutorado/artigo_mestrado/1A.P_MOVER/simulacao/ref928_NA_1428.txt","SPpesmF","yes","ok NAB digitado! Checado","exata","parcelas","SP","contiguous",100,1,"PBH>=15.0cm",NA,"private",83400,1200,"Atlantic_Forest","FOD","FODTB","secondary",25,"2007",2011,1379,104,"/home/danilo/Documentos/Doutorado/artigo_mestrado/paisagens_atualizadas/ref928_NA_1428.tif",0.0999999999999999,"laplace","2",1379,2.69288537021423,8.88522478287059,0.800477864894625,0.00300091
"928","1428","/home/danilo/Documentos/Doutorado/artigo_mestrado/1A.P_MOVER/simulacao/ref928_NA_1428.txt","SPpesmF","yes","ok NAB digitado! Checado","exata","parcelas","SP","contiguous",100,1,"PBH>=15.0cm",NA,"private",83400,1200,"Atlantic_Forest","FOD","FODTB","secondary",25,"2007",2011,1379,104,"/home/danilo/Documentos/Doutorado/artigo_mestrado/paisagens_atualizadas/ref928_NA_1428.tif",0.0999999999999999,"laplace","2",1379,2.69288537021423,8.88522478287059,0.800477864894625,0.00305278
"928","1428","/home/danilo/Documentos/Doutorado/artigo_mestrado/1A.P_MOVER/simulacao/ref928_NA_1428.txt","SPpesmF","yes","ok NAB digitado! Checado","exata","parcelas","SP","contiguous",100,1,"PBH>=15.0cm",NA,"private",83400,1200,"Atlantic_Forest","FOD","FODTB","secondary",25,"2007",2011,1379,104,"/home/danilo/Documentos/Doutorado/artigo_mestrado/paisagens_atualizadas/ref928_NA_1428.tif",0.0999999999999999,"laplace","2",1379,2.69288537021423,8.88522478287059,0.800477864894625,0.0032601
"928","1428","/home/danilo/Documentos/Doutorado/artigo_mestrado/1A.P_MOVER/simulacao/ref928_NA_1428.txt","SPpesmF","yes","ok NAB digitado! Checado","exata","parcelas","SP","contiguous",100,1,"PBH>=15.0cm",NA,"private",83400,1200,"Atlantic_Forest","FOD","FODTB","secondary",25,"2007",2011,1379,104,"/home/danilo/Documentos/Doutorado/artigo_mestrado/paisagens_atualizadas/ref928_NA_1428.tif",0.0999999999999999,"laplace","2",1379,2.69288537021423,8.88522478287059,0.800477864894625,0.0029422
"928","1428","/home/danilo/Documentos/Doutorado/artigo_mestrado/1A.P_MOVER/simulacao/ref928_NA_1428.txt","SPpesmF","yes","ok NAB digitado! Checado","exata","parcelas","SP","contiguous",100,1,"PBH>=15.0cm",NA,"private",83400,1200,"Atlantic_Forest","FOD","FODTB","secondary",25,"2007",2011,1379,104,"/home/danilo/Documentos/Doutorado/artigo_mestrado/paisagens_atualizadas/ref928_NA_1428.tif",0.0999999999999999,"laplace","2",1379,2.69288537021423,8.88522478287059,0.800477864894625,0.0031134
"928","1428","/home/danilo/Documentos/Doutorado/artigo_mestrado/1A.P_MOVER/simulacao/ref928_NA_1428.txt","SPpesmF","yes","ok NAB digitado! Checado","exata","parcelas","SP","contiguous",100,1,"PBH>=15.0cm",NA,"private",83400,1200,"Atlantic_Forest","FOD","FODTB","secondary",25,"2007",2011,1379,104,"/home/danilo/Documentos/Doutorado/artigo_mestrado/paisagens_atualizadas/ref928_NA_1428.tif",0.0999999999999999,"laplace","2",1379,2.69288537021423,8.88522478287059,0.800477864894625,0.00314524
"928","1428","/home/danilo/Documentos/Doutorado/artigo_mestrado/1A.P_MOVER/simulacao/ref928_NA_1428.txt","SPpesmF","yes","ok NAB digitado! Checado","exata","parcelas","SP","contiguous",100,1,"PBH>=15.0cm",NA,"private",83400,1200,"Atlantic_Forest","FOD","FODTB","secondary",25,"2007",2011,1379,104,"/home/danilo/Documentos/Doutorado/artigo_mestrado/paisagens_atualizadas/ref928_NA_1428.tif",0.0999999999999999,"laplace","2",1379,2.69288537021423,8.88522478287059,0.800477864894625,0.00301332
"928","1428","/home/danilo/Documentos/Doutorado/artigo_mestrado/1A.P_MOVER/simulacao/ref928_NA_1428.txt","SPpesmF","yes","ok NAB digitado! Checado","exata","parcelas","SP","contiguous",100,1,"PBH>=15.0cm",NA,"private",83400,1200,"Atlantic_Forest","FOD","FODTB","secondary",25,"2007",2011,1379,104,"/home/danilo/Documentos/Doutorado/artigo_mestrado/paisagens_atualizadas/ref928_NA_1428.tif",0.0999999999999999,"laplace","2",1379,2.69288537021423,8.88522478287059,0.800477864894625,0.00326002
"928","1428","/home/danilo/Documentos/Doutorado/artigo_mestrado/1A.P_MOVER/simulacao/ref928_NA_1428.txt","SPpesmF","yes","ok NAB digitado! Checado","exata","parcelas","SP","contiguous",100,1,"PBH>=15.0cm",NA,"private",83400,1200,"Atlantic_Forest","FOD","FODTB","secondary",25,"2007",2011,1379,104,"/home/danilo/Documentos/Doutorado/artigo_mestrado/paisagens_atualizadas/ref928_NA_1428.tif",0.0999999999999999,"laplace","2",1379,2.69288537021423,8.88522478287059,0.800477864894625,0.00316789
"928","1429","/home/danilo/Documentos/Doutorado/artigo_mestrado/1A.P_MOVER/simulacao/ref928_NA_1429.txt","SPpesmH","yes","ok NAB digitado! Checado","exata","parcelas","SP","contiguous",100,1,"PBH>=15.0cm",315390,"UC Protecao Integral",83400,1200,"Atlantic_Forest","FOD","FODSm","secondary",25,"2007",2011,1528,152,"/home/danilo/Documentos/Doutorado/artigo_mestrado/paisagens_atualizadas/ref928_NA_1429.tif",0.0999999999999999,"laplace","2",1528,2.55822255048325,8.52727155934817,0.80092026403908,0.00489642
"928","1429","/home/danilo/Documentos/Doutorado/artigo_mestrado/1A.P_MOVER/simulacao/ref928_NA_1429.txt","SPpesmH","yes","ok NAB digitado! Checado","exata","parcelas","SP","contiguous",100,1,"PBH>=15.0cm",315390,"UC Protecao Integral",83400,1200,"Atlantic_Forest","FOD","FODSm","secondary",25,"2007",2011,1528,152,"/home/danilo/Documentos/Doutorado/artigo_mestrado/paisagens_atualizadas/ref928_NA_1429.tif",0.0999999999999999,"laplace","2",1528,2.55822255048325,8.52727155934817,0.80092026403908,0.00510723
"928","1429","/home/danilo/Documentos/Doutorado/artigo_mestrado/1A.P_MOVER/simulacao/ref928_NA_1429.txt","SPpesmH","yes","ok NAB digitado! Checado","exata","parcelas","SP","contiguous",100,1,"PBH>=15.0cm",315390,"UC Protecao Integral",83400,1200,"Atlantic_Forest","FOD","FODSm","secondary",25,"2007",2011,1528,152,"/home/danilo/Documentos/Doutorado/artigo_mestrado/paisagens_atualizadas/ref928_NA_1429.tif",0.0999999999999999,"laplace","2",1528,2.55822255048325,8.52727155934817,0.80092026403908,0.00492846
"928","1429","/home/danilo/Documentos/Doutorado/artigo_mestrado/1A.P_MOVER/simulacao/ref928_NA_1429.txt","SPpesmH","yes","ok NAB digitado! Checado","exata","parcelas","SP","contiguous",100,1,"PBH>=15.0cm",315390,"UC Protecao Integral",83400,1200,"Atlantic_Forest","FOD","FODSm","secondary",25,"2007",2011,1528,152,"/home/danilo/Documentos/Doutorado/artigo_mestrado/paisagens_atualizadas/ref928_NA_1429.tif",0.0999999999999999,"laplace","2",1528,2.55822255048325,8.52727155934817,0.80092026403908,0.00472535
"928","1429","/home/danilo/Documentos/Doutorado/artigo_mestrado/1A.P_MOVER/simulacao/ref928_NA_1429.txt","SPpesmH","yes","ok NAB digitado! Checado","exata","parcelas","SP","contiguous",100,1,"PBH>=15.0cm",315390,"UC Protecao Integral",83400,1200,"Atlantic_Forest","FOD","FODSm","secondary",25,"2007",2011,1528,152,"/home/danilo/Documentos/Doutorado/artigo_mestrado/paisagens_atualizadas/ref928_NA_1429.tif",0.0999999999999999,"laplace","2",1528,2.55822255048325,8.52727155934817,0.80092026403908,0.0045706
"928","1429","/home/danilo/Documentos/Doutorado/artigo_mestrado/1A.P_MOVER/simulacao/ref928_NA_1429.txt","SPpesmH","yes","ok NAB digitado! Checado","exata","parcelas","SP","contiguous",100,1,"PBH>=15.0cm",315390,"UC Protecao Integral",83400,1200,"Atlantic_Forest","FOD","FODSm","secondary",25,"2007",2011,1528,152,"/home/danilo/Documentos/Doutorado/artigo_mestrado/paisagens_atualizadas/ref928_NA_1429.tif",0.0999999999999999,"laplace","2",1528,2.55822255048325,8.52727155934817,0.80092026403908,0.00512413
"928","1429","/home/danilo/Documentos/Doutorado/artigo_mestrado/1A.P_MOVER/simulacao/ref928_NA_1429.txt","SPpesmH","yes","ok NAB digitado! Checado","exata","parcelas","SP","contiguous",100,1,"PBH>=15.0cm",315390,"UC Protecao Integral",83400,1200,"Atlantic_Forest","FOD","FODSm","secondary",25,"2007",2011,1528,152,"/home/danilo/Documentos/Doutorado/artigo_mestrado/paisagens_atualizadas/ref928_NA_1429.tif",0.0999999999999999,"laplace","2",1528,2.55822255048325,8.52727155934817,0.80092026403908,0.00484734
"928","1429","/home/danilo/Documentos/Doutorado/artigo_mestrado/1A.P_MOVER/simulacao/ref928_NA_1429.txt","SPpesmH","yes","ok NAB digitado! Checado","exata","parcelas","SP","contiguous",100,1,"PBH>=15.0cm",315390,"UC Protecao Integral",83400,1200,"Atlantic_Forest","FOD","FODSm","secondary",25,"2007",2011,1528,152,"/home/danilo/Documentos/Doutorado/artigo_mestrado/paisagens_atualizadas/ref928_NA_1429.tif",0.0999999999999999,"laplace","2",1528,2.55822255048325,8.52727155934817,0.80092026403908,0.00525012
"928","1429","/home/danilo/Documentos/Doutorado/artigo_mestrado/1A.P_MOVER/simulacao/ref928_NA_1429.txt","SPpesmH","yes","ok NAB digitado! Checado","exata","parcelas","SP","contiguous",100,1,"PBH>=15.0cm",315390,"UC Protecao Integral",83400,1200,"Atlantic_Forest","FOD","FODSm","secondary",25,"2007",2011,1528,152,"/home/danilo/Documentos/Doutorado/artigo_mestrado/paisagens_atualizadas/ref928_NA_1429.tif",0.0999999999999999,"laplace","2",1528,2.55822255048325,8.52727155934817,0.80092026403908,0.0050418
"928","1429","/home/danilo/Documentos/Doutorado/artigo_mestrado/1A.P_MOVER/simulacao/ref928_NA_1429.txt","SPpesmH","yes","ok NAB digitado! Checado","exata","parcelas","SP","contiguous",100,1,"PBH>=15.0cm",315390,"UC Protecao Integral",83400,1200,"Atlantic_Forest","FOD","FODSm","secondary",25,"2007",2011,1528,152,"/home/danilo/Documentos/Doutorado/artigo_mestrado/paisagens_atualizadas/ref928_NA_1429.tif",0.0999999999999999,"laplace","2",1528,2.55822255048325,8.52727155934817,0.80092026403908,0.00493951
"934","1435","/home/danilo/Documentos/Doutorado/artigo_mestrado/1A.P_MOVER/simulacao/ref934_NA_1435.txt","SPpesmB","yes (Email)","ok N digitado! Checado","exata","parcelas","SP","contiguous",100,1,"PBH>=15.0cm",315390,"UC Protecao Integral",83400,47500,"Atlantic_Forest","FOD","FODTB","primary",NA,"2011",2011,1076,134,"/home/danilo/Documentos/Doutorado/artigo_mestrado/paisagens_atualizadas/ref934_NA_1435.tif",0.0999999999999999,"laplace","2",1076,3.04855380424846,10.1078871464991,0.608678923255374,0.00688313
"934","1435","/home/danilo/Documentos/Doutorado/artigo_mestrado/1A.P_MOVER/simulacao/ref934_NA_1435.txt","SPpesmB","yes (Email)","ok N digitado! Checado","exata","parcelas","SP","contiguous",100,1,"PBH>=15.0cm",315390,"UC Protecao Integral",83400,47500,"Atlantic_Forest","FOD","FODTB","primary",NA,"2011",2011,1076,134,"/home/danilo/Documentos/Doutorado/artigo_mestrado/paisagens_atualizadas/ref934_NA_1435.tif",0.0999999999999999,"laplace","2",1076,3.04855380424846,10.1078871464991,0.608678923255374,0.00658519
"934","1435","/home/danilo/Documentos/Doutorado/artigo_mestrado/1A.P_MOVER/simulacao/ref934_NA_1435.txt","SPpesmB","yes (Email)","ok N digitado! Checado","exata","parcelas","SP","contiguous",100,1,"PBH>=15.0cm",315390,"UC Protecao Integral",83400,47500,"Atlantic_Forest","FOD","FODTB","primary",NA,"2011",2011,1076,134,"/home/danilo/Documentos/Doutorado/artigo_mestrado/paisagens_atualizadas/ref934_NA_1435.tif",0.0999999999999999,"laplace","2",1076,3.04855380424846,10.1078871464991,0.608678923255374,0.00652002
"934","1435","/home/danilo/Documentos/Doutorado/artigo_mestrado/1A.P_MOVER/simulacao/ref934_NA_1435.txt","SPpesmB","yes (Email)","ok N digitado! Checado","exata","parcelas","SP","contiguous",100,1,"PBH>=15.0cm",315390,"UC Protecao Integral",83400,47500,"Atlantic_Forest","FOD","FODTB","primary",NA,"2011",2011,1076,134,"/home/danilo/Documentos/Doutorado/artigo_mestrado/paisagens_atualizadas/ref934_NA_1435.tif",0.0999999999999999,"laplace","2",1076,3.04855380424846,10.1078871464991,0.608678923255374,0.00716376
"934","1435","/home/danilo/Documentos/Doutorado/artigo_mestrado/1A.P_MOVER/simulacao/ref934_NA_1435.txt","SPpesmB","yes (Email)","ok N digitado! Checado","exata","parcelas","SP","contiguous",100,1,"PBH>=15.0cm",315390,"UC Protecao Integral",83400,47500,"Atlantic_Forest","FOD","FODTB","primary",NA,"2011",2011,1076,134,"/home/danilo/Documentos/Doutorado/artigo_mestrado/paisagens_atualizadas/ref934_NA_1435.tif",0.0999999999999999,"laplace","2",1076,3.04855380424846,10.1078871464991,0.608678923255374,0.00625857
"934","1435","/home/danilo/Documentos/Doutorado/artigo_mestrado/1A.P_MOVER/simulacao/ref934_NA_1435.txt","SPpesmB","yes (Email)","ok N digitado! Checado","exata","parcelas","SP","contiguous",100,1,"PBH>=15.0cm",315390,"UC Protecao Integral",83400,47500,"Atlantic_Forest","FOD","FODTB","primary",NA,"2011",2011,1076,134,"/home/danilo/Documentos/Doutorado/artigo_mestrado/paisagens_atualizadas/ref934_NA_1435.tif",0.0999999999999999,"laplace","2",1076,3.04855380424846,10.1078871464991,0.608678923255374,0.00650775
"934","1435","/home/danilo/Documentos/Doutorado/artigo_mestrado/1A.P_MOVER/simulacao/ref934_NA_1435.txt","SPpesmB","yes (Email)","ok N digitado! Checado","exata","parcelas","SP","contiguous",100,1,"PBH>=15.0cm",315390,"UC Protecao Integral",83400,47500,"Atlantic_Forest","FOD","FODTB","primary",NA,"2011",2011,1076,134,"/home/danilo/Documentos/Doutorado/artigo_mestrado/paisagens_atualizadas/ref934_NA_1435.tif",0.0999999999999999,"laplace","2",1076,3.04855380424846,10.1078871464991,0.608678923255374,0.00737066
"934","1435","/home/danilo/Documentos/Doutorado/artigo_mestrado/1A.P_MOVER/simulacao/ref934_NA_1435.txt","SPpesmB","yes (Email)","ok N digitado! Checado","exata","parcelas","SP","contiguous",100,1,"PBH>=15.0cm",315390,"UC Protecao Integral",83400,47500,"Atlantic_Forest","FOD","FODTB","primary",NA,"2011",2011,1076,134,"/home/danilo/Documentos/Doutorado/artigo_mestrado/paisagens_atualizadas/ref934_NA_1435.tif",0.0999999999999999,"laplace","2",1076,3.04855380424846,10.1078871464991,0.608678923255374,0.00652141
"934","1435","/home/danilo/Documentos/Doutorado/artigo_mestrado/1A.P_MOVER/simulacao/ref934_NA_1435.txt","SPpesmB","yes (Email)","ok N digitado! Checado","exata","parcelas","SP","contiguous",100,1,"PBH>=15.0cm",315390,"UC Protecao Integral",83400,47500,"Atlantic_Forest","FOD","FODTB","primary",NA,"2011",2011,1076,134,"/home/danilo/Documentos/Doutorado/artigo_mestrado/paisagens_atualizadas/ref934_NA_1435.tif",0.0999999999999999,"laplace","2",1076,3.04855380424846,10.1078871464991,0.608678923255374,0.00615676
"934","1435","/home/danilo/Documentos/Doutorado/artigo_mestrado/1A.P_MOVER/simulacao/ref934_NA_1435.txt","SPpesmB","yes (Email)","ok N digitado! Checado","exata","parcelas","SP","contiguous",100,1,"PBH>=15.0cm",315390,"UC Protecao Integral",83400,47500,"Atlantic_Forest","FOD","FODTB","primary",NA,"2011",2011,1076,134,"/home/danilo/Documentos/Doutorado/artigo_mestrado/paisagens_atualizadas/ref934_NA_1435.tif",0.0999999999999999,"laplace","2",1076,3.04855380424846,10.1078871464991,0.608678923255374,0.00629105
"934","1436","/home/danilo/Documentos/Doutorado/artigo_mestrado/1A.P_MOVER/simulacao/ref934_NA_1436.txt","SPpesmA","yes (Email)","ok N digitado! Checado","exata","parcelas","SP","contiguous",100,1,"PBH>=15.0cm",315390,"UC Protecao Integral",65,47500,"Atlantic_Forest","Formacao pioneira sob influencia marinha","FAR","primary",NA,"2011",2011,1670,84,"/home/danilo/Documentos/Doutorado/artigo_mestrado/paisagens_atualizadas/ref934_NA_1436.tif",0.0999999999999999,"laplace","2",1670,2.44704392116198,8.23226344946112,0.520422854790708,0.00656907
"934","1436","/home/danilo/Documentos/Doutorado/artigo_mestrado/1A.P_MOVER/simulacao/ref934_NA_1436.txt","SPpesmA","yes (Email)","ok N digitado! Checado","exata","parcelas","SP","contiguous",100,1,"PBH>=15.0cm",315390,"UC Protecao Integral",65,47500,"Atlantic_Forest","Formacao pioneira sob influencia marinha","FAR","primary",NA,"2011",2011,1670,84,"/home/danilo/Documentos/Doutorado/artigo_mestrado/paisagens_atualizadas/ref934_NA_1436.tif",0.0999999999999999,"laplace","2",1670,2.44704392116198,8.23226344946112,0.520422854790708,0.00700205
"934","1436","/home/danilo/Documentos/Doutorado/artigo_mestrado/1A.P_MOVER/simulacao/ref934_NA_1436.txt","SPpesmA","yes (Email)","ok N digitado! Checado","exata","parcelas","SP","contiguous",100,1,"PBH>=15.0cm",315390,"UC Protecao Integral",65,47500,"Atlantic_Forest","Formacao pioneira sob influencia marinha","FAR","primary",NA,"2011",2011,1670,84,"/home/danilo/Documentos/Doutorado/artigo_mestrado/paisagens_atualizadas/ref934_NA_1436.tif",0.0999999999999999,"laplace","2",1670,2.44704392116198,8.23226344946112,0.520422854790708,0.00686995
"934","1436","/home/danilo/Documentos/Doutorado/artigo_mestrado/1A.P_MOVER/simulacao/ref934_NA_1436.txt","SPpesmA","yes (Email)","ok N digitado! Checado","exata","parcelas","SP","contiguous",100,1,"PBH>=15.0cm",315390,"UC Protecao Integral",65,47500,"Atlantic_Forest","Formacao pioneira sob influencia marinha","FAR","primary",NA,"2011",2011,1670,84,"/home/danilo/Documentos/Doutorado/artigo_mestrado/paisagens_atualizadas/ref934_NA_1436.tif",0.0999999999999999,"laplace","2",1670,2.44704392116198,8.23226344946112,0.520422854790708,0.007085
"934","1436","/home/danilo/Documentos/Doutorado/artigo_mestrado/1A.P_MOVER/simulacao/ref934_NA_1436.txt","SPpesmA","yes (Email)","ok N digitado! Checado","exata","parcelas","SP","contiguous",100,1,"PBH>=15.0cm",315390,"UC Protecao Integral",65,47500,"Atlantic_Forest","Formacao pioneira sob influencia marinha","FAR","primary",NA,"2011",2011,1670,84,"/home/danilo/Documentos/Doutorado/artigo_mestrado/paisagens_atualizadas/ref934_NA_1436.tif",0.0999999999999999,"laplace","2",1670,2.44704392116198,8.23226344946112,0.520422854790708,0.00663427
"934","1436","/home/danilo/Documentos/Doutorado/artigo_mestrado/1A.P_MOVER/simulacao/ref934_NA_1436.txt","SPpesmA","yes (Email)","ok N digitado! Checado","exata","parcelas","SP","contiguous",100,1,"PBH>=15.0cm",315390,"UC Protecao Integral",65,47500,"Atlantic_Forest","Formacao pioneira sob influencia marinha","FAR","primary",NA,"2011",2011,1670,84,"/home/danilo/Documentos/Doutorado/artigo_mestrado/paisagens_atualizadas/ref934_NA_1436.tif",0.0999999999999999,"laplace","2",1670,2.44704392116198,8.23226344946112,0.520422854790708,0.0064459
"934","1436","/home/danilo/Documentos/Doutorado/artigo_mestrado/1A.P_MOVER/simulacao/ref934_NA_1436.txt","SPpesmA","yes (Email)","ok N digitado! Checado","exata","parcelas","SP","contiguous",100,1,"PBH>=15.0cm",315390,"UC Protecao Integral",65,47500,"Atlantic_Forest","Formacao pioneira sob influencia marinha","FAR","primary",NA,"2011",2011,1670,84,"/home/danilo/Documentos/Doutorado/artigo_mestrado/paisagens_atualizadas/ref934_NA_1436.tif",0.0999999999999999,"laplace","2",1670,2.44704392116198,8.23226344946112,0.520422854790708,0.00671956
"934","1436","/home/danilo/Documentos/Doutorado/artigo_mestrado/1A.P_MOVER/simulacao/ref934_NA_1436.txt","SPpesmA","yes (Email)","ok N digitado! Checado","exata","parcelas","SP","contiguous",100,1,"PBH>=15.0cm",315390,"UC Protecao Integral",65,47500,"Atlantic_Forest","Formacao pioneira sob influencia marinha","FAR","primary",NA,"2011",2011,1670,84,"/home/danilo/Documentos/Doutorado/artigo_mestrado/paisagens_atualizadas/ref934_NA_1436.tif",0.0999999999999999,"laplace","2",1670,2.44704392116198,8.23226344946112,0.520422854790708,0.00697741
"934","1436","/home/danilo/Documentos/Doutorado/artigo_mestrado/1A.P_MOVER/simulacao/ref934_NA_1436.txt","SPpesmA","yes (Email)","ok N digitado! Checado","exata","parcelas","SP","contiguous",100,1,"PBH>=15.0cm",315390,"UC Protecao Integral",65,47500,"Atlantic_Forest","Formacao pioneira sob influencia marinha","FAR","primary",NA,"2011",2011,1670,84,"/home/danilo/Documentos/Doutorado/artigo_mestrado/paisagens_atualizadas/ref934_NA_1436.tif",0.0999999999999999,"laplace","2",1670,2.44704392116198,8.23226344946112,0.520422854790708,0.00704482
"934","1436","/home/danilo/Documentos/Doutorado/artigo_mestrado/1A.P_MOVER/simulacao/ref934_NA_1436.txt","SPpesmA","yes (Email)","ok N digitado! Checado","exata","parcelas","SP","contiguous",100,1,"PBH>=15.0cm",315390,"UC Protecao Integral",65,47500,"Atlantic_Forest","Formacao pioneira sob influencia marinha","FAR","primary",NA,"2011",2011,1670,84,"/home/danilo/Documentos/Doutorado/artigo_mestrado/paisagens_atualizadas/ref934_NA_1436.tif",0.0999999999999999,"laplace","2",1670,2.44704392116198,8.23226344946112,0.520422854790708,0.00670332
"935","1437","/home/danilo/Documentos/Doutorado/artigo_mestrado/1A.P_MOVER/simulacao/ref935_NA_1437.txt","SPpesmK","yes","ok NAB digitado! Checado","exata","parcelas","SP","contiguous",100,1,"PBH>=15.0cm",315390,"UC Protecao Integral",83400,7557,"Atlantic_Forest","FOD","FODM","primary",100,"2011",2011,1852,189,"/home/danilo/Documentos/Doutorado/artigo_mestrado/paisagens_atualizadas/ref935_NA_1437.tif",0.0999999999999999,"laplace","2",1852,2.32369706170087,7.70526144704522,0.912605882363027,0.00617427
"935","1437","/home/danilo/Documentos/Doutorado/artigo_mestrado/1A.P_MOVER/simulacao/ref935_NA_1437.txt","SPpesmK","yes","ok NAB digitado! Checado","exata","parcelas","SP","contiguous",100,1,"PBH>=15.0cm",315390,"UC Protecao Integral",83400,7557,"Atlantic_Forest","FOD","FODM","primary",100,"2011",2011,1852,189,"/home/danilo/Documentos/Doutorado/artigo_mestrado/paisagens_atualizadas/ref935_NA_1437.tif",0.0999999999999999,"laplace","2",1852,2.32369706170087,7.70526144704522,0.912605882363027,0.00689333
"935","1437","/home/danilo/Documentos/Doutorado/artigo_mestrado/1A.P_MOVER/simulacao/ref935_NA_1437.txt","SPpesmK","yes","ok NAB digitado! Checado","exata","parcelas","SP","contiguous",100,1,"PBH>=15.0cm",315390,"UC Protecao Integral",83400,7557,"Atlantic_Forest","FOD","FODM","primary",100,"2011",2011,1852,189,"/home/danilo/Documentos/Doutorado/artigo_mestrado/paisagens_atualizadas/ref935_NA_1437.tif",0.0999999999999999,"laplace","2",1852,2.32369706170087,7.70526144704522,0.912605882363027,0.00647017
"935","1437","/home/danilo/Documentos/Doutorado/artigo_mestrado/1A.P_MOVER/simulacao/ref935_NA_1437.txt","SPpesmK","yes","ok NAB digitado! Checado","exata","parcelas","SP","contiguous",100,1,"PBH>=15.0cm",315390,"UC Protecao Integral",83400,7557,"Atlantic_Forest","FOD","FODM","primary",100,"2011",2011,1852,189,"/home/danilo/Documentos/Doutorado/artigo_mestrado/paisagens_atualizadas/ref935_NA_1437.tif",0.0999999999999999,"laplace","2",1852,2.32369706170087,7.70526144704522,0.912605882363027,0.00824208
"935","1437","/home/danilo/Documentos/Doutorado/artigo_mestrado/1A.P_MOVER/simulacao/ref935_NA_1437.txt","SPpesmK","yes","ok NAB digitado! Checado","exata","parcelas","SP","contiguous",100,1,"PBH>=15.0cm",315390,"UC Protecao Integral",83400,7557,"Atlantic_Forest","FOD","FODM","primary",100,"2011",2011,1852,189,"/home/danilo/Documentos/Doutorado/artigo_mestrado/paisagens_atualizadas/ref935_NA_1437.tif",0.0999999999999999,"laplace","2",1852,2.32369706170087,7.70526144704522,0.912605882363027,0.00666473
"935","1437","/home/danilo/Documentos/Doutorado/artigo_mestrado/1A.P_MOVER/simulacao/ref935_NA_1437.txt","SPpesmK","yes","ok NAB digitado! Checado","exata","parcelas","SP","contiguous",100,1,"PBH>=15.0cm",315390,"UC Protecao Integral",83400,7557,"Atlantic_Forest","FOD","FODM","primary",100,"2011",2011,1852,189,"/home/danilo/Documentos/Doutorado/artigo_mestrado/paisagens_atualizadas/ref935_NA_1437.tif",0.0999999999999999,"laplace","2",1852,2.32369706170087,7.70526144704522,0.912605882363027,0.00746214
"935","1437","/home/danilo/Documentos/Doutorado/artigo_mestrado/1A.P_MOVER/simulacao/ref935_NA_1437.txt","SPpesmK","yes","ok NAB digitado! Checado","exata","parcelas","SP","contiguous",100,1,"PBH>=15.0cm",315390,"UC Protecao Integral",83400,7557,"Atlantic_Forest","FOD","FODM","primary",100,"2011",2011,1852,189,"/home/danilo/Documentos/Doutorado/artigo_mestrado/paisagens_atualizadas/ref935_NA_1437.tif",0.0999999999999999,"laplace","2",1852,2.32369706170087,7.70526144704522,0.912605882363027,0.00629228
"935","1437","/home/danilo/Documentos/Doutorado/artigo_mestrado/1A.P_MOVER/simulacao/ref935_NA_1437.txt","SPpesmK","yes","ok NAB digitado! Checado","exata","parcelas","SP","contiguous",100,1,"PBH>=15.0cm",315390,"UC Protecao Integral",83400,7557,"Atlantic_Forest","FOD","FODM","primary",100,"2011",2011,1852,189,"/home/danilo/Documentos/Doutorado/artigo_mestrado/paisagens_atualizadas/ref935_NA_1437.tif",0.0999999999999999,"laplace","2",1852,2.32369706170087,7.70526144704522,0.912605882363027,0.00638842
"935","1437","/home/danilo/Documentos/Doutorado/artigo_mestrado/1A.P_MOVER/simulacao/ref935_NA_1437.txt","SPpesmK","yes","ok NAB digitado! Checado","exata","parcelas","SP","contiguous",100,1,"PBH>=15.0cm",315390,"UC Protecao Integral",83400,7557,"Atlantic_Forest","FOD","FODM","primary",100,"2011",2011,1852,189,"/home/danilo/Documentos/Doutorado/artigo_mestrado/paisagens_atualizadas/ref935_NA_1437.tif",0.0999999999999999,"laplace","2",1852,2.32369706170087,7.70526144704522,0.912605882363027,0.00749828
"935","1437","/home/danilo/Documentos/Doutorado/artigo_mestrado/1A.P_MOVER/simulacao/ref935_NA_1437.txt","SPpesmK","yes","ok NAB digitado! Checado","exata","parcelas","SP","contiguous",100,1,"PBH>=15.0cm",315390,"UC Protecao Integral",83400,7557,"Atlantic_Forest","FOD","FODM","primary",100,"2011",2011,1852,189,"/home/danilo/Documentos/Doutorado/artigo_mestrado/paisagens_atualizadas/ref935_NA_1437.tif",0.0999999999999999,"laplace","2",1852,2.32369706170087,7.70526144704522,0.912605882363027,0.00699422
"935","1438","/home/danilo/Documentos/Doutorado/artigo_mestrado/1A.P_MOVER/simulacao/ref935_NA_1438.txt","SPpesmN","yes","ok NAB digitado! Checado","exata","parcelas","SP","contiguous",100,1,"PBH>=15.0cm",315390,"UC Protecao Integral",83400,7557,"Atlantic_Forest","FOD","FODM","secondary",25,"2011",2011,1431,150,"/home/danilo/Documentos/Doutorado/artigo_mestrado/paisagens_atualizadas/ref935_NA_1438.tif",0.0999999999999999,"laplace","2",1431,2.64350528572715,8.73891546018443,0.870430411838639,0.0041904
"935","1438","/home/danilo/Documentos/Doutorado/artigo_mestrado/1A.P_MOVER/simulacao/ref935_NA_1438.txt","SPpesmN","yes","ok NAB digitado! Checado","exata","parcelas","SP","contiguous",100,1,"PBH>=15.0cm",315390,"UC Protecao Integral",83400,7557,"Atlantic_Forest","FOD","FODM","secondary",25,"2011",2011,1431,150,"/home/danilo/Documentos/Doutorado/artigo_mestrado/paisagens_atualizadas/ref935_NA_1438.tif",0.0999999999999999,"laplace","2",1431,2.64350528572715,8.73891546018443,0.870430411838639,0.00410859
"935","1438","/home/danilo/Documentos/Doutorado/artigo_mestrado/1A.P_MOVER/simulacao/ref935_NA_1438.txt","SPpesmN","yes","ok NAB digitado! Checado","exata","parcelas","SP","contiguous",100,1,"PBH>=15.0cm",315390,"UC Protecao Integral",83400,7557,"Atlantic_Forest","FOD","FODM","secondary",25,"2011",2011,1431,150,"/home/danilo/Documentos/Doutorado/artigo_mestrado/paisagens_atualizadas/ref935_NA_1438.tif",0.0999999999999999,"laplace","2",1431,2.64350528572715,8.73891546018443,0.870430411838639,0.00376882
"935","1438","/home/danilo/Documentos/Doutorado/artigo_mestrado/1A.P_MOVER/simulacao/ref935_NA_1438.txt","SPpesmN","yes","ok NAB digitado! Checado","exata","parcelas","SP","contiguous",100,1,"PBH>=15.0cm",315390,"UC Protecao Integral",83400,7557,"Atlantic_Forest","FOD","FODM","secondary",25,"2011",2011,1431,150,"/home/danilo/Documentos/Doutorado/artigo_mestrado/paisagens_atualizadas/ref935_NA_1438.tif",0.0999999999999999,"laplace","2",1431,2.64350528572715,8.73891546018443,0.870430411838639,0.00384335
"935","1438","/home/danilo/Documentos/Doutorado/artigo_mestrado/1A.P_MOVER/simulacao/ref935_NA_1438.txt","SPpesmN","yes","ok NAB digitado! Checado","exata","parcelas","SP","contiguous",100,1,"PBH>=15.0cm",315390,"UC Protecao Integral",83400,7557,"Atlantic_Forest","FOD","FODM","secondary",25,"2011",2011,1431,150,"/home/danilo/Documentos/Doutorado/artigo_mestrado/paisagens_atualizadas/ref935_NA_1438.tif",0.0999999999999999,"laplace","2",1431,2.64350528572715,8.73891546018443,0.870430411838639,0.00406272
"935","1438","/home/danilo/Documentos/Doutorado/artigo_mestrado/1A.P_MOVER/simulacao/ref935_NA_1438.txt","SPpesmN","yes","ok NAB digitado! Checado","exata","parcelas","SP","contiguous",100,1,"PBH>=15.0cm",315390,"UC Protecao Integral",83400,7557,"Atlantic_Forest","FOD","FODM","secondary",25,"2011",2011,1431,150,"/home/danilo/Documentos/Doutorado/artigo_mestrado/paisagens_atualizadas/ref935_NA_1438.tif",0.0999999999999999,"laplace","2",1431,2.64350528572715,8.73891546018443,0.870430411838639,0.00419829
"935","1438","/home/danilo/Documentos/Doutorado/artigo_mestrado/1A.P_MOVER/simulacao/ref935_NA_1438.txt","SPpesmN","yes","ok NAB digitado! Checado","exata","parcelas","SP","contiguous",100,1,"PBH>=15.0cm",315390,"UC Protecao Integral",83400,7557,"Atlantic_Forest","FOD","FODM","secondary",25,"2011",2011,1431,150,"/home/danilo/Documentos/Doutorado/artigo_mestrado/paisagens_atualizadas/ref935_NA_1438.tif",0.0999999999999999,"laplace","2",1431,2.64350528572715,8.73891546018443,0.870430411838639,0.00398634
"935","1438","/home/danilo/Documentos/Doutorado/artigo_mestrado/1A.P_MOVER/simulacao/ref935_NA_1438.txt","SPpesmN","yes","ok NAB digitado! Checado","exata","parcelas","SP","contiguous",100,1,"PBH>=15.0cm",315390,"UC Protecao Integral",83400,7557,"Atlantic_Forest","FOD","FODM","secondary",25,"2011",2011,1431,150,"/home/danilo/Documentos/Doutorado/artigo_mestrado/paisagens_atualizadas/ref935_NA_1438.tif",0.0999999999999999,"laplace","2",1431,2.64350528572715,8.73891546018443,0.870430411838639,0.00402298
"935","1438","/home/danilo/Documentos/Doutorado/artigo_mestrado/1A.P_MOVER/simulacao/ref935_NA_1438.txt","SPpesmN","yes","ok NAB digitado! Checado","exata","parcelas","SP","contiguous",100,1,"PBH>=15.0cm",315390,"UC Protecao Integral",83400,7557,"Atlantic_Forest","FOD","FODM","secondary",25,"2011",2011,1431,150,"/home/danilo/Documentos/Doutorado/artigo_mestrado/paisagens_atualizadas/ref935_NA_1438.tif",0.0999999999999999,"laplace","2",1431,2.64350528572715,8.73891546018443,0.870430411838639,0.00389259
"935","1438","/home/danilo/Documentos/Doutorado/artigo_mestrado/1A.P_MOVER/simulacao/ref935_NA_1438.txt","SPpesmN","yes","ok NAB digitado! Checado","exata","parcelas","SP","contiguous",100,1,"PBH>=15.0cm",315390,"UC Protecao Integral",83400,7557,"Atlantic_Forest","FOD","FODM","secondary",25,"2011",2011,1431,150,"/home/danilo/Documentos/Doutorado/artigo_mestrado/paisagens_atualizadas/ref935_NA_1438.tif",0.0999999999999999,"laplace","2",1431,2.64350528572715,8.73891546018443,0.870430411838639,0.00522949
"936","1439","/home/danilo/Documentos/Doutorado/artigo_mestrado/1A.P_MOVER/simulacao/ref936_NA_1439.txt","SPpecb1","yes","ok NAB digitado! Checado","exata","parcelas","SP","contiguous",256,10.24,"PBH>=15.0cm",37644.36,"UC Protecao Integral",303000,37793.63,"Atlantic_Forest","FOD","FODSm","primary",NA,NA,2006,11529,224,"/home/danilo/Documentos/Doutorado/artigo_mestrado/paisagens_atualizadas/ref936_NA_1439.tif",0.0999999999999999,"laplace","2",1125.87890625,2.98026003321127,9.93773804298698,0.95229754454362,0.001153
"936","1439","/home/danilo/Documentos/Doutorado/artigo_mestrado/1A.P_MOVER/simulacao/ref936_NA_1439.txt","SPpecb1","yes","ok NAB digitado! Checado","exata","parcelas","SP","contiguous",256,10.24,"PBH>=15.0cm",37644.36,"UC Protecao Integral",303000,37793.63,"Atlantic_Forest","FOD","FODSm","primary",NA,NA,2006,11529,224,"/home/danilo/Documentos/Doutorado/artigo_mestrado/paisagens_atualizadas/ref936_NA_1439.tif",0.0999999999999999,"laplace","2",1125.87890625,2.98026003321127,9.93773804298698,0.95229754454362,0.00119173
"936","1439","/home/danilo/Documentos/Doutorado/artigo_mestrado/1A.P_MOVER/simulacao/ref936_NA_1439.txt","SPpecb1","yes","ok NAB digitado! Checado","exata","parcelas","SP","contiguous",256,10.24,"PBH>=15.0cm",37644.36,"UC Protecao Integral",303000,37793.63,"Atlantic_Forest","FOD","FODSm","primary",NA,NA,2006,11529,224,"/home/danilo/Documentos/Doutorado/artigo_mestrado/paisagens_atualizadas/ref936_NA_1439.tif",0.0999999999999999,"laplace","2",1125.87890625,2.98026003321127,9.93773804298698,0.95229754454362,0.00121108
"936","1439","/home/danilo/Documentos/Doutorado/artigo_mestrado/1A.P_MOVER/simulacao/ref936_NA_1439.txt","SPpecb1","yes","ok NAB digitado! Checado","exata","parcelas","SP","contiguous",256,10.24,"PBH>=15.0cm",37644.36,"UC Protecao Integral",303000,37793.63,"Atlantic_Forest","FOD","FODSm","primary",NA,NA,2006,11529,224,"/home/danilo/Documentos/Doutorado/artigo_mestrado/paisagens_atualizadas/ref936_NA_1439.tif",0.0999999999999999,"laplace","2",1125.87890625,2.98026003321127,9.93773804298698,0.95229754454362,0.001159
"936","1439","/home/danilo/Documentos/Doutorado/artigo_mestrado/1A.P_MOVER/simulacao/ref936_NA_1439.txt","SPpecb1","yes","ok NAB digitado! Checado","exata","parcelas","SP","contiguous",256,10.24,"PBH>=15.0cm",37644.36,"UC Protecao Integral",303000,37793.63,"Atlantic_Forest","FOD","FODSm","primary",NA,NA,2006,11529,224,"/home/danilo/Documentos/Doutorado/artigo_mestrado/paisagens_atualizadas/ref936_NA_1439.tif",0.0999999999999999,"laplace","2",1125.87890625,2.98026003321127,9.93773804298698,0.95229754454362,0.00115541
"936","1439","/home/danilo/Documentos/Doutorado/artigo_mestrado/1A.P_MOVER/simulacao/ref936_NA_1439.txt","SPpecb1","yes","ok NAB digitado! Checado","exata","parcelas","SP","contiguous",256,10.24,"PBH>=15.0cm",37644.36,"UC Protecao Integral",303000,37793.63,"Atlantic_Forest","FOD","FODSm","primary",NA,NA,2006,11529,224,"/home/danilo/Documentos/Doutorado/artigo_mestrado/paisagens_atualizadas/ref936_NA_1439.tif",0.0999999999999999,"laplace","2",1125.87890625,2.98026003321127,9.93773804298698,0.95229754454362,0.0012227
"936","1439","/home/danilo/Documentos/Doutorado/artigo_mestrado/1A.P_MOVER/simulacao/ref936_NA_1439.txt","SPpecb1","yes","ok NAB digitado! Checado","exata","parcelas","SP","contiguous",256,10.24,"PBH>=15.0cm",37644.36,"UC Protecao Integral",303000,37793.63,"Atlantic_Forest","FOD","FODSm","primary",NA,NA,2006,11529,224,"/home/danilo/Documentos/Doutorado/artigo_mestrado/paisagens_atualizadas/ref936_NA_1439.tif",0.0999999999999999,"laplace","2",1125.87890625,2.98026003321127,9.93773804298698,0.95229754454362,0.00117228
"936","1439","/home/danilo/Documentos/Doutorado/artigo_mestrado/1A.P_MOVER/simulacao/ref936_NA_1439.txt","SPpecb1","yes","ok NAB digitado! Checado","exata","parcelas","SP","contiguous",256,10.24,"PBH>=15.0cm",37644.36,"UC Protecao Integral",303000,37793.63,"Atlantic_Forest","FOD","FODSm","primary",NA,NA,2006,11529,224,"/home/danilo/Documentos/Doutorado/artigo_mestrado/paisagens_atualizadas/ref936_NA_1439.tif",0.0999999999999999,"laplace","2",1125.87890625,2.98026003321127,9.93773804298698,0.95229754454362,0.00117294
"936","1439","/home/danilo/Documentos/Doutorado/artigo_mestrado/1A.P_MOVER/simulacao/ref936_NA_1439.txt","SPpecb1","yes","ok NAB digitado! Checado","exata","parcelas","SP","contiguous",256,10.24,"PBH>=15.0cm",37644.36,"UC Protecao Integral",303000,37793.63,"Atlantic_Forest","FOD","FODSm","primary",NA,NA,2006,11529,224,"/home/danilo/Documentos/Doutorado/artigo_mestrado/paisagens_atualizadas/ref936_NA_1439.tif",0.0999999999999999,"laplace","2",1125.87890625,2.98026003321127,9.93773804298698,0.95229754454362,0.00112708
"936","1439","/home/danilo/Documentos/Doutorado/artigo_mestrado/1A.P_MOVER/simulacao/ref936_NA_1439.txt","SPpecb1","yes","ok NAB digitado! Checado","exata","parcelas","SP","contiguous",256,10.24,"PBH>=15.0cm",37644.36,"UC Protecao Integral",303000,37793.63,"Atlantic_Forest","FOD","FODSm","primary",NA,NA,2006,11529,224,"/home/danilo/Documentos/Doutorado/artigo_mestrado/paisagens_atualizadas/ref936_NA_1439.tif",0.0999999999999999,"laplace","2",1125.87890625,2.98026003321127,9.93773804298698,0.95229754454362,0.00116939
"936","1440","/home/danilo/Documentos/Doutorado/artigo_mestrado/1A.P_MOVER/simulacao/ref936_NA_1440.txt","SPeec1","yes","ok NAB digitado! Checado","exata","parcelas","SP","contiguous",256,10.24,"PBH>=15.0cm",2178.84,"UC Protecao Integral",3324.71,2178.84,"Atlantic_Forest","FES","FESSm","primary",NA,NA,2006,12105,144,"/home/danilo/Documentos/Doutorado/artigo_mestrado/paisagens_atualizadas/ref936_NA_1440.tif",0.0999999999999999,"laplace","2",1182.12890625,2.90849004346246,9.73357834000445,0.154962821354851,0.00152154
"936","1440","/home/danilo/Documentos/Doutorado/artigo_mestrado/1A.P_MOVER/simulacao/ref936_NA_1440.txt","SPeec1","yes","ok NAB digitado! Checado","exata","parcelas","SP","contiguous",256,10.24,"PBH>=15.0cm",2178.84,"UC Protecao Integral",3324.71,2178.84,"Atlantic_Forest","FES","FESSm","primary",NA,NA,2006,12105,144,"/home/danilo/Documentos/Doutorado/artigo_mestrado/paisagens_atualizadas/ref936_NA_1440.tif",0.0999999999999999,"laplace","2",1182.12890625,2.90849004346246,9.73357834000445,0.154962821354851,0.00149381
"936","1440","/home/danilo/Documentos/Doutorado/artigo_mestrado/1A.P_MOVER/simulacao/ref936_NA_1440.txt","SPeec1","yes","ok NAB digitado! Checado","exata","parcelas","SP","contiguous",256,10.24,"PBH>=15.0cm",2178.84,"UC Protecao Integral",3324.71,2178.84,"Atlantic_Forest","FES","FESSm","primary",NA,NA,2006,12105,144,"/home/danilo/Documentos/Doutorado/artigo_mestrado/paisagens_atualizadas/ref936_NA_1440.tif",0.0999999999999999,"laplace","2",1182.12890625,2.90849004346246,9.73357834000445,0.154962821354851,0.00149381
"936","1440","/home/danilo/Documentos/Doutorado/artigo_mestrado/1A.P_MOVER/simulacao/ref936_NA_1440.txt","SPeec1","yes","ok NAB digitado! Checado","exata","parcelas","SP","contiguous",256,10.24,"PBH>=15.0cm",2178.84,"UC Protecao Integral",3324.71,2178.84,"Atlantic_Forest","FES","FESSm","primary",NA,NA,2006,12105,144,"/home/danilo/Documentos/Doutorado/artigo_mestrado/paisagens_atualizadas/ref936_NA_1440.tif",0.0999999999999999,"laplace","2",1182.12890625,2.90849004346246,9.73357834000445,0.154962821354851,0.00153841
"936","1440","/home/danilo/Documentos/Doutorado/artigo_mestrado/1A.P_MOVER/simulacao/ref936_NA_1440.txt","SPeec1","yes","ok NAB digitado! Checado","exata","parcelas","SP","contiguous",256,10.24,"PBH>=15.0cm",2178.84,"UC Protecao Integral",3324.71,2178.84,"Atlantic_Forest","FES","FESSm","primary",NA,NA,2006,12105,144,"/home/danilo/Documentos/Doutorado/artigo_mestrado/paisagens_atualizadas/ref936_NA_1440.tif",0.0999999999999999,"laplace","2",1182.12890625,2.90849004346246,9.73357834000445,0.154962821354851,0.00152191
"936","1440","/home/danilo/Documentos/Doutorado/artigo_mestrado/1A.P_MOVER/simulacao/ref936_NA_1440.txt","SPeec1","yes","ok NAB digitado! Checado","exata","parcelas","SP","contiguous",256,10.24,"PBH>=15.0cm",2178.84,"UC Protecao Integral",3324.71,2178.84,"Atlantic_Forest","FES","FESSm","primary",NA,NA,2006,12105,144,"/home/danilo/Documentos/Doutorado/artigo_mestrado/paisagens_atualizadas/ref936_NA_1440.tif",0.0999999999999999,"laplace","2",1182.12890625,2.90849004346246,9.73357834000445,0.154962821354851,0.00148849
"936","1440","/home/danilo/Documentos/Doutorado/artigo_mestrado/1A.P_MOVER/simulacao/ref936_NA_1440.txt","SPeec1","yes","ok NAB digitado! Checado","exata","parcelas","SP","contiguous",256,10.24,"PBH>=15.0cm",2178.84,"UC Protecao Integral",3324.71,2178.84,"Atlantic_Forest","FES","FESSm","primary",NA,NA,2006,12105,144,"/home/danilo/Documentos/Doutorado/artigo_mestrado/paisagens_atualizadas/ref936_NA_1440.tif",0.0999999999999999,"laplace","2",1182.12890625,2.90849004346246,9.73357834000445,0.154962821354851,0.0015376
"936","1440","/home/danilo/Documentos/Doutorado/artigo_mestrado/1A.P_MOVER/simulacao/ref936_NA_1440.txt","SPeec1","yes","ok NAB digitado! Checado","exata","parcelas","SP","contiguous",256,10.24,"PBH>=15.0cm",2178.84,"UC Protecao Integral",3324.71,2178.84,"Atlantic_Forest","FES","FESSm","primary",NA,NA,2006,12105,144,"/home/danilo/Documentos/Doutorado/artigo_mestrado/paisagens_atualizadas/ref936_NA_1440.tif",0.0999999999999999,"laplace","2",1182.12890625,2.90849004346246,9.73357834000445,0.154962821354851,0.00153998
"936","1440","/home/danilo/Documentos/Doutorado/artigo_mestrado/1A.P_MOVER/simulacao/ref936_NA_1440.txt","SPeec1","yes","ok NAB digitado! Checado","exata","parcelas","SP","contiguous",256,10.24,"PBH>=15.0cm",2178.84,"UC Protecao Integral",3324.71,2178.84,"Atlantic_Forest","FES","FESSm","primary",NA,NA,2006,12105,144,"/home/danilo/Documentos/Doutorado/artigo_mestrado/paisagens_atualizadas/ref936_NA_1440.tif",0.0999999999999999,"laplace","2",1182.12890625,2.90849004346246,9.73357834000445,0.154962821354851,0.00152928
"936","1440","/home/danilo/Documentos/Doutorado/artigo_mestrado/1A.P_MOVER/simulacao/ref936_NA_1440.txt","SPeec1","yes","ok NAB digitado! Checado","exata","parcelas","SP","contiguous",256,10.24,"PBH>=15.0cm",2178.84,"UC Protecao Integral",3324.71,2178.84,"Atlantic_Forest","FES","FESSm","primary",NA,NA,2006,12105,144,"/home/danilo/Documentos/Doutorado/artigo_mestrado/paisagens_atualizadas/ref936_NA_1440.tif",0.0999999999999999,"laplace","2",1182.12890625,2.90849004346246,9.73357834000445,0.154962821354851,0.00154215
